1|41|48|15|07|24|50|
2|11|38|32|04|09|42|
3|42|34|11|44|45|47|
4|38|44|50|46|43|29|
5|32|16|12|40|25|07|
6|16|14|31|13|41|09|
7|24|32|09|17|06|23|
8|29|32|11|39|38|24|
9|44|22|37|18|42|10|
10|31|19|44|34|17|39|
11|04|36|27|02|08|43|
12|28|29|48|21|45|12|
13|01|03|31|33|37|46|
14|47|06|39|38|33|07|
15|43|44|40|30|04|32|
16|25|21|46|26|19|41|
17|03|05|44|43|47|14|
18|28|35|50|41|15|27|
19|10|19|34|33|25|05|
20|07|13|26|16|49|45|
21|37|30|14|44|17|06|
22|02|42|27|34|17|29|
23|09|08|42|22|11|10|
24|26|24|19|25|44|42|
25|15|35|46|42|06|30|
26|38|02|23|04|17|08|
27|32|29|19|35|07|05|
28|38|22|01|26|13|10|
29|50|23|39|19|12|01|
30|33|36|08|21|18|46|
31|20|19|29|05|32|43|
32|30|47|18|39|20|24|
33|24|17|32|11|19|16|
34|07|29|41|40|45|01|
35|06|26|02|30|01|45|
36|14|12|50|09|22|17|
37|45|25|33|48|47|11|
38|18|19|31|39|46|02|
39|50|15|03|12|44|37|
40|15|21|09|32|04|23|
41|25|32|47|34|22|15|
42|42|05|06|39|14|48|
43|34|01|32|39|43|10|
44|28|09|35|45|03|15|
45|19|23|47|28|02|44|
46|29|26|14|41|09|01|
47|37|13|21|26|34|03|
48|43|16|42|41|32|23|
49|41|33|21|45|02|15|
50|33|07|36|40|26|08|
51|11|28|07|12|22|04|
52|03|17|42|26|48|39|
53|20|23|04|29|42|05|
54|05|23|34|04|36|27|
55|45|44|04|27|43|33|
56|18|10|33|47|40|03|
57|18|01|35|38|23|46|
58|14|32|42|33|23|25|
59|38|33|02|16|28|46|
60|35|12|36|43|29|15|
61|01|18|32|09|36|28|
62|28|43|38|23|08|04|
63|10|47|09|16|40|05|
64|42|26|10|11|12|37|
65|44|29|01|08|14|05|
66|06|33|19|47|31|17|
67|35|46|43|48|40|34|
68|12|21|03|24|15|28|
69|18|37|47|02|14|09|
70|23|25|46|26|17|29|
71|25|45|47|36|33|15|
72|37|34|08|39|14|47|
73|33|17|21|45|40|06|
74|16|28|07|12|46|15|
75|13|30|43|07|22|11|
76|48|11|41|21|31|36|
77|29|11|31|50|39|23|
78|06|42|21|41|45|08|
79|18|26|04|02|08|33|
80|41|27|19|33|45|23|
81|39|04|31|32|38|16|
82|35|39|32|15|23|18|
83|06|13|48|15|08|41|
84|34|27|11|42|04|31|
85|09|25|28|27|19|32|
86|23|48|14|33|25|32|
87|19|47|39|42|23|01|
88|46|50|30|42|18|20|
89|04|14|42|39|08|31|
90|07|50|36|28|39|40|
91|19|15|34|11|33|43|
92|34|28|31|35|01|38|
93|25|33|01|28|22|44|
94|36|26|43|25|21|32|
95|31|42|27|29|38|19|
96|09|07|13|22|11|50|
97|17|21|19|16|04|05|
98|33|20|17|27|11|15|
99|45|38|30|43|21|12|
100|09|22|11|26|47|33|
101|03|19|39|25|37|49|
102|30|35|40|05|26|19|
103|07|45|37|33|15|41|
104|29|38|28|24|30|08|
105|02|50|43|23|06|27|
106|06|49|11|31|01|46|
107|36|19|33|17|40|31|
108|16|14|18|10|34|06|
109|45|41|32|46|26|44|
110|38|14|27|20|34|43|
111|07|49|06|48|47|16|
112|16|45|46|47|37|14|
113|21|50|42|30|45|31|
114|29|14|33|28|30|39|
115|03|08|44|38|23|26|
116|47|05|34|10|38|08|
117|46|26|28|44|14|13|
118|49|05|18|16|33|03|
119|38|20|45|27|36|11|
120|36|34|40|50|38|29|
121|09|31|39|12|07|15|
122|18|22|09|38|03|17|
123|49|12|38|32|39|35|
124|28|37|36|47|46|11|
125|46|41|15|08|07|11|
126|43|25|47|42|01|04|
127|44|17|01|16|42|31|
128|21|28|04|12|22|42|
129|49|14|33|03|11|27|
130|39|16|01|18|04|45|
131|04|30|47|29|23|40|
132|46|04|07|37|19|44|
133|27|03|41|29|38|47|
134|22|31|29|25|19|21|
135|44|13|02|03|12|26|
136|10|47|38|20|06|26|
137|48|14|31|29|18|42|
138|24|42|11|02|03|01|
139|42|48|44|13|29|19|
140|08|44|04|43|47|46|
141|15|32|33|42|27|43|
142|36|06|38|20|05|45|
143|06|19|49|01|44|32|
144|45|35|21|08|42|49|
145|29|43|12|15|19|47|
146|47|08|34|42|11|14|
147|44|34|40|09|05|33|
148|28|09|48|27|32|49|
149|37|39|50|18|41|31|
150|10|50|03|27|13|05|
151|37|27|22|41|12|20|
152|42|49|08|24|47|25|
153|41|08|21|03|38|15|
154|19|13|17|01|02|04|
155|07|22|03|31|25|37|
156|08|19|37|21|46|32|
157|22|27|36|45|35|09|
158|38|02|14|10|29|20|
159|42|21|37|12|03|28|
160|37|19|06|27|34|38|
161|24|29|44|09|26|35|
162|40|38|43|44|39|31|
163|19|34|25|20|15|46|
164|40|41|47|23|45|04|
165|11|26|49|16|44|06|
166|27|36|40|39|41|47|
167|12|21|11|33|17|14|
168|21|29|20|17|07|14|
169|38|46|01|22|23|12|
170|42|49|16|33|29|04|
171|35|31|16|43|21|25|
172|06|11|47|25|42|34|
173|14|25|44|27|03|22|
174|11|09|29|12|19|34|
175|48|02|15|45|44|28|
176|46|21|22|09|29|19|
177|20|23|33|31|13|36|
178|07|10|14|08|44|21|
179|18|21|15|13|29|33|
180|02|09|42|35|38|20|
181|19|33|03|25|30|49|
182|03|17|45|49|42|26|
183|39|49|24|26|42|21|
184|39|19|47|46|08|44|
185|42|10|49|46|31|44|
186|14|15|30|01|22|36|
187|10|09|26|11|37|04|
188|09|33|02|49|06|24|
189|01|17|03|18|25|33|
190|02|11|45|36|43|29|
191|31|43|03|37|35|34|
192|21|23|09|31|02|19|
193|40|47|46|16|41|06|
194|12|18|02|06|19|13|
195|05|30|32|42|34|20|
196|43|32|45|28|23|42|
197|18|03|12|40|31|13|
198|35|39|30|38|43|07|
199|25|48|01|40|11|33|
200|23|08|29|04|06|36|
201|49|43|31|44|08|32|
202|01|41|03|18|38|05|
203|37|40|36|44|24|12|
204|40|06|28|39|02|34|
205|45|08|35|48|28|33|
206|21|07|45|08|16|26|
207|15|36|27|12|16|43|
208|46|10|39|18|09|38|
209|10|36|02|30|47|23|
210|04|29|39|38|20|42|
211|10|31|36|13|25|28|
212|19|34|08|40|29|17|
213|13|35|04|18|12|08|
214|34|21|47|12|22|20|
215|40|11|44|18|25|08|
216|39|21|33|40|50|15|
217|02|18|36|37|26|05|
218|19|34|30|07|41|37|
219|03|21|13|29|35|04|
220|06|33|11|05|31|19|
221|17|21|34|33|39|16|
222|15|28|43|35|11|41|
223|44|03|14|13|26|45|
224|26|07|01|44|13|42|
225|25|47|13|28|49|45|
226|28|35|03|44|20|47|
227|01|19|10|33|14|40|
228|03|12|30|21|14|11|
229|05|28|48|08|30|19|
230|12|05|47|26|21|45|
231|12|41|26|36|04|05|
232|27|47|12|14|48|44|
233|05|43|24|27|38|25|
234|35|29|22|04|36|47|
235|18|22|45|13|25|21|
236|18|35|16|26|25|21|
237|43|14|24|29|28|26|
238|45|14|07|24|06|48|
239|42|01|45|37|07|16|
240|44|31|34|17|47|27|
241|05|45|18|03|16|48|
242|03|14|25|13|16|26|
243|40|16|39|17|31|03|
244|44|17|41|26|31|42|
245|20|43|02|40|46|05|
246|38|21|27|11|50|26|
247|02|47|46|18|24|12|
248|22|13|41|23|14|10|
249|48|07|04|08|11|46|
250|31|23|48|18|28|14|
251|06|47|04|01|43|35|
252|14|19|36|42|31|05|
253|25|43|12|03|05|13|
254|41|14|18|40|21|29|
255|47|33|24|37|25|39|
256|30|35|47|29|34|07|
257|11|48|23|05|33|46|
258|32|19|21|35|48|29|
259|22|29|40|28|10|17|
260|05|40|35|18|26|42|
261|20|30|15|27|40|26|
262|25|09|23|36|44|50|
263|30|15|48|17|11|42|
264|38|05|13|41|04|30|
265|17|48|03|21|47|15|
266|12|33|09|16|10|47|
267|24|36|14|46|07|03|
268|17|33|41|26|45|34|
269|16|44|34|18|29|04|
270|48|49|11|07|01|31|
271|12|17|48|29|39|30|
272|27|12|11|17|09|13|
273|14|44|30|41|19|16|
274|46|27|20|11|15|38|
275|05|12|31|42|45|20|
276|50|01|14|23|26|47|
277|29|07|02|39|35|38|
278|10|48|08|21|25|17|
279|43|21|18|49|50|46|
280|40|46|43|24|33|20|
281|40|27|13|45|14|05|
282|26|31|32|41|34|23|
283|04|26|47|18|11|29|
284|44|34|08|27|39|20|
285|07|23|09|08|05|43|
286|25|03|50|32|38|46|
287|01|31|36|34|35|03|
288|11|05|25|32|35|15|
289|12|33|36|49|45|21|
290|04|24|41|35|10|11|
291|11|49|41|35|06|37|
292|15|34|11|43|36|02|
293|40|07|12|09|41|42|
294|46|02|09|06|16|29|
295|40|16|15|05|30|21|
296|22|28|14|02|40|11|
297|10|40|49|09|44|08|
298|33|04|11|20|43|14|
299|44|02|25|36|45|16|
300|37|22|46|14|02|42|
301|33|01|41|06|13|45|
302|15|31|12|44|13|37|
303|28|41|24|32|25|36|
304|42|24|47|18|08|12|
305|06|03|19|30|02|49|
306|32|36|29|26|50|49|
307|28|49|05|16|26|08|
308|31|30|10|32|01|34|
309|20|44|09|02|23|10|
310|31|14|16|15|29|49|
311|36|12|28|19|35|09|
312|45|49|15|35|19|29|
313|43|09|07|18|15|42|
314|36|18|17|40|32|23|
315|05|39|46|49|34|04|
316|33|08|20|42|04|11|
317|41|20|50|14|23|32|
318|14|32|42|34|44|41|
319|13|06|33|26|15|23|
320|47|06|50|45|12|14|
321|06|34|16|47|23|29|
322|23|15|03|39|35|12|
323|05|48|25|40|27|45|
324|31|35|09|23|38|45|
325|39|23|25|01|30|10|
326|47|49|38|17|33|18|
327|05|33|34|23|26|19|
328|39|37|07|25|18|21|
329|14|21|42|32|09|03|
330|30|48|06|44|04|18|
331|16|29|11|41|47|06|
332|47|31|24|14|44|29|
333|33|19|04|27|39|01|
334|41|47|38|18|34|20|
335|50|26|49|08|21|32|
336|39|25|14|36|11|27|
337|30|35|14|20|04|01|
338|47|45|30|07|06|11|
339|50|25|38|01|11|28|
340|08|39|49|42|11|30|
341|37|49|33|30|03|26|
342|17|45|31|46|44|42|
343|15|37|43|08|28|20|
344|45|20|28|07|24|38|
345|04|18|14|37|46|39|
346|17|38|47|18|50|48|
347|20|42|35|11|39|33|
348|03|40|01|04|15|25|
349|19|22|43|08|31|20|
350|28|31|23|40|04|01|
351|35|16|27|14|49|19|
352|19|24|28|16|10|39|
353|18|31|26|40|24|04|
354|38|04|44|40|21|31|
355|50|01|44|10|26|09|
356|17|47|31|28|42|36|
357|22|41|21|11|40|42|
358|21|17|07|44|13|26|
359|33|50|27|42|44|13|
360|33|30|06|43|48|13|
361|27|32|38|28|30|20|
362|45|47|01|19|24|33|
363|23|09|10|38|36|39|
364|14|13|48|01|08|37|
365|15|22|34|31|37|36|
366|03|46|26|06|35|42|
367|50|15|31|48|40|04|
368|09|10|46|25|05|31|
369|31|47|01|25|05|11|
370|09|33|39|43|49|06|
371|15|22|17|30|06|41|
372|42|27|45|19|36|46|
373|17|14|29|10|31|41|
374|03|41|10|22|37|50|
375|35|15|33|34|08|28|
376|34|29|43|17|15|32|
377|40|34|43|31|15|08|
378|17|25|30|19|08|43|
379|08|13|25|44|06|09|
380|45|40|39|12|41|36|
381|13|41|08|39|31|20|
382|38|14|35|30|47|50|
383|23|20|15|12|32|37|
384|45|27|09|48|43|40|
385|23|05|37|06|50|15|
386|19|15|10|09|24|38|
387|46|15|33|11|23|26|
388|03|42|09|32|15|16|
389|22|40|49|35|34|47|
390|14|19|35|21|05|28|
391|04|37|28|42|38|26|
392|32|38|43|33|17|16|
393|27|03|43|48|02|16|
394|27|03|22|46|34|13|
395|31|29|02|40|01|47|
396|08|12|29|18|01|33|
397|48|24|10|25|49|20|
398|34|09|21|33|10|08|
399|10|48|04|07|15|12|
400|49|44|11|32|50|40|
401|22|20|12|18|30|31|
402|08|32|11|16|41|01|
403|46|19|37|11|30|34|
404|18|03|41|29|46|37|
405|26|19|03|18|33|05|
406|45|34|07|49|30|19|
407|34|20|15|16|31|23|
408|22|33|23|35|45|50|
409|26|41|10|46|39|44|
410|19|37|23|15|21|07|
411|28|14|48|32|47|11|
412|34|44|25|23|01|24|
413|22|45|48|31|19|32|
414|19|39|35|42|33|45|
415|38|45|10|34|12|01|
416|48|10|28|31|35|20|
417|07|43|47|05|12|10|
418|24|08|36|32|50|02|
419|17|43|30|27|15|16|
420|37|42|03|31|46|14|
421|04|09|31|46|06|07|
422|02|40|30|16|43|27|
423|12|43|42|23|34|09|
424|06|16|24|46|44|45|
425|47|20|09|25|41|33|
426|39|19|50|16|32|26|
427|01|08|43|02|16|19|
428|12|13|48|47|28|40|
429|06|05|26|42|03|31|
430|37|18|50|09|08|39|
431|49|32|13|36|35|43|
432|42|11|12|19|44|21|
433|33|42|21|04|38|20|
434|21|37|16|07|20|44|
435|24|04|17|37|13|25|
436|29|50|25|05|30|13|
437|11|02|41|47|08|40|
438|02|34|06|28|17|08|
439|04|20|21|44|08|40|
440|01|33|48|37|31|38|
441|42|17|47|25|26|13|
442|04|35|23|13|19|28|
443|23|35|47|22|25|41|
444|38|21|27|18|06|29|
445|48|29|20|15|38|33|
446|20|32|40|47|12|34|
447|22|08|20|16|38|42|
448|15|10|26|14|39|28|
449|04|22|15|48|35|11|
450|21|22|11|18|09|39|
451|49|35|28|39|14|05|
452|16|24|25|40|49|23|
453|17|45|13|31|43|21|
454|11|25|28|40|49|44|
455|41|03|02|05|49|11|
456|09|35|30|11|36|05|
457|45|15|39|11|05|20|
458|44|23|34|01|21|46|
459|01|32|38|12|41|08|
460|17|42|06|20|36|13|
461|02|05|44|03|32|42|
462|44|25|19|31|45|29|
463|30|36|03|37|28|44|
464|20|47|44|33|03|35|
465|22|30|45|24|31|19|
466|28|13|06|09|46|50|
467|46|39|27|48|38|06|
468|01|03|19|06|08|16|
469|32|47|24|22|21|34|
470|09|20|48|44|11|03|
471|50|15|33|09|37|08|
472|34|37|33|36|04|13|
473|01|32|28|42|43|31|
474|24|29|30|18|33|01|
475|43|49|14|50|22|30|
476|01|39|08|46|09|10|
477|06|07|01|12|30|09|
478|37|05|26|09|36|25|
479|28|15|09|17|38|50|
480|31|36|49|48|19|41|
481|30|11|48|02|47|18|
482|23|20|12|38|01|40|
483|47|27|21|44|08|40|
484|42|38|07|21|13|24|
485|38|31|07|17|30|20|
486|12|14|44|39|02|24|
487|12|50|37|16|24|36|
488|05|18|27|22|08|43|
489|13|10|44|15|28|43|
490|38|07|29|41|01|03|
491|49|32|24|29|18|35|
492|31|39|34|36|38|08|
493|03|24|02|27|35|17|
494|16|35|21|47|28|46|
495|06|39|49|29|12|24|
496|36|22|04|24|26|37|
497|05|01|29|39|28|38|
498|05|46|39|01|14|24|
499|35|06|33|14|24|43|
500|13|44|20|14|27|12|
501|03|50|43|27|49|01|
502|17|31|27|06|34|13|
503|44|25|40|17|24|29|
504|28|12|32|34|37|47|
505|30|13|24|10|33|45|
506|15|10|23|21|45|09|
507|08|48|21|23|26|30|
508|21|10|15|31|14|11|
509|31|46|48|03|25|06|
510|39|18|31|27|12|38|
511|23|22|34|18|10|04|
512|04|29|47|38|46|42|
513|08|25|29|04|02|15|
514|29|23|05|37|39|47|
515|49|12|09|33|30|18|
516|05|48|38|02|12|42|
517|07|27|34|10|02|49|
518|04|07|11|48|37|09|
519|12|24|02|03|25|49|
520|03|02|46|50|01|08|
521|41|05|39|13|24|30|
522|49|06|22|04|43|20|
523|18|32|31|04|19|05|
524|16|47|26|28|06|42|
525|19|05|20|27|25|06|
526|14|44|07|12|32|15|
527|23|37|07|18|06|13|
528|46|50|02|38|12|16|
529|25|42|44|32|35|19|
530|19|37|31|49|16|30|
531|02|45|17|21|18|30|
532|28|26|18|43|10|05|
533|12|33|06|21|48|38|
534|08|14|28|47|37|30|
535|11|03|20|18|45|07|
536|11|50|22|24|28|23|
537|22|30|29|44|46|12|
538|01|05|46|36|29|48|
539|30|34|13|04|42|36|
540|37|28|38|02|49|31|
541|33|12|21|05|16|28|
542|08|43|50|22|04|38|
543|11|25|21|35|38|37|
544|43|21|26|13|11|32|
545|21|30|17|45|12|25|
546|44|19|33|29|18|20|
547|17|46|26|30|20|06|
548|10|50|47|17|49|29|
549|38|01|40|07|32|41|
550|50|39|09|07|29|34|
551|49|50|37|36|11|42|
552|15|26|25|42|38|49|
553|41|43|18|09|13|26|
554|16|28|45|02|40|08|
555|01|46|08|28|20|50|
556|16|06|07|44|45|34|
557|45|36|39|12|20|10|
558|02|29|31|20|34|10|
559|33|28|30|09|11|20|
560|07|02|23|15|37|29|
561|18|08|11|21|20|17|
562|37|31|13|10|18|32|
563|47|39|40|34|04|22|
564|47|25|02|36|41|45|
565|43|21|27|49|15|11|
566|04|11|27|02|44|26|
567|11|12|45|13|22|49|
568|48|11|40|09|34|27|
569|20|30|26|10|01|19|
570|38|31|16|42|39|37|
571|48|01|47|15|21|33|
572|35|02|33|15|37|01|
573|03|34|49|10|50|35|
574|49|30|26|15|46|34|
575|22|48|14|46|42|49|
576|07|26|39|24|04|17|
577|14|12|47|45|04|25|
578|48|28|32|27|05|03|
579|35|16|29|21|17|31|
580|23|43|46|08|21|29|
581|49|02|26|39|19|06|
582|20|08|43|24|49|41|
583|36|13|14|08|03|32|
584|38|12|50|23|32|46|
585|07|03|49|44|25|02|
586|10|21|16|34|15|39|
587|21|03|15|19|10|49|
588|33|44|12|40|13|38|
589|25|41|46|05|35|08|
590|09|39|14|07|33|31|
591|35|04|30|06|33|21|
592|16|25|20|33|22|11|
593|16|17|33|09|46|26|
594|32|11|01|50|48|47|
595|22|47|04|35|33|07|
596|39|37|14|46|17|26|
597|03|05|47|20|39|25|
598|46|08|10|17|09|04|
599|36|09|05|25|02|24|
600|27|44|43|38|26|34|
601|39|08|17|18|46|13|
602|19|11|35|28|48|16|
603|07|29|17|12|39|43|
604|02|09|06|48|13|26|
605|28|01|20|30|48|42|
606|17|24|10|29|46|19|
607|47|06|20|11|16|46|
608|35|18|45|27|47|40|
609|12|19|39|06|44|16|
610|36|02|23|46|38|07|
611|14|26|02|30|42|04|
612|34|21|26|22|38|14|
613|13|31|17|25|47|44|
614|06|50|49|20|40|36|
615|03|15|48|23|25|41|
616|07|23|48|16|33|46|
617|12|32|27|04|16|41|
618|32|13|16|28|42|09|
619|28|50|27|34|36|26|
620|50|16|22|49|23|46|
621|15|07|16|17|10|36|
622|27|37|45|14|08|32|
623|10|26|46|33|13|45|
624|37|24|30|33|06|41|
625|03|42|21|38|22|43|
626|19|04|45|14|08|15|
627|06|33|13|05|20|11|
628|32|27|01|02|24|14|
629|32|30|46|20|38|49|
630|27|16|19|01|04|42|
631|36|30|27|19|47|01|
632|05|07|09|40|21|38|
633|08|34|16|49|02|17|
634|31|48|29|47|42|33|
635|10|08|20|17|09|42|
636|30|32|43|26|37|10|
637|09|14|31|39|43|07|
638|50|35|44|07|45|29|
639|32|33|04|12|06|07|
640|15|03|18|19|30|13|
641|36|31|32|21|40|38|
642|38|36|03|13|10|07|
643|29|41|07|09|14|16|
644|23|49|35|04|13|11|
645|42|35|10|36|43|50|
646|31|47|46|02|30|10|
647|18|32|49|20|35|01|
648|24|06|14|05|48|10|
649|40|01|10|14|27|11|
650|07|20|12|43|16|40|
651|18|32|30|42|23|41|
652|48|04|26|33|17|42|
653|11|42|16|08|30|48|
654|12|37|44|08|25|11|
655|04|08|01|02|16|33|
656|06|43|28|34|15|47|
657|09|39|50|21|34|20|
658|47|28|32|50|30|15|
659|44|43|14|25|20|36|
660|13|03|25|47|41|33|
661|24|04|46|17|07|19|
662|33|48|28|14|27|02|
663|21|45|31|04|37|44|
664|27|01|42|23|38|02|
665|01|09|14|29|23|27|
666|04|47|29|13|28|10|
667|25|24|14|38|34|36|
668|35|01|19|28|26|07|
669|16|42|30|43|33|23|
670|29|44|43|07|10|32|
671|39|32|14|34|46|01|
672|10|15|39|41|19|32|
673|47|06|33|32|43|16|
674|21|05|07|34|45|39|
675|37|06|25|34|17|30|
676|17|39|33|34|45|43|
677|45|41|03|15|20|09|
678|26|46|01|36|28|04|
679|18|49|05|44|21|10|
680|36|19|01|39|45|34|
681|07|23|02|35|36|32|
682|27|50|36|41|33|28|
683|42|12|47|03|50|19|
684|20|38|06|12|48|02|
685|10|36|35|03|06|22|
686|46|38|21|16|05|27|
687|06|45|12|07|34|21|
688|12|48|33|32|22|03|
689|41|06|38|37|19|42|
690|26|34|50|08|44|35|
691|38|46|24|19|29|47|
692|37|40|30|31|08|02|
693|24|28|32|04|10|29|
694|28|15|29|09|27|01|
695|01|17|10|18|37|08|
696|20|26|37|43|09|03|
697|12|29|24|20|03|18|
698|46|15|07|02|49|27|
699|09|41|02|18|31|13|
700|05|39|18|41|24|47|
701|03|12|16|33|46|10|
702|29|31|07|18|16|44|
703|06|10|02|42|44|12|
704|45|03|30|08|50|49|
705|30|07|32|05|31|03|
706|17|03|34|06|07|44|
707|16|36|15|39|01|05|
708|25|33|20|34|27|16|
709|17|12|36|25|03|34|
710|36|03|32|40|25|18|
711|48|01|33|47|29|15|
712|30|39|21|11|13|36|
713|26|35|14|11|22|06|
714|01|28|40|20|45|34|
715|32|05|30|14|41|21|
716|31|32|19|18|11|14|
717|05|41|45|13|21|37|
718|46|43|47|27|30|02|
719|50|23|24|25|06|26|
720|13|18|05|08|36|33|
721|09|16|34|20|04|25|
722|24|32|25|39|27|06|
723|50|28|08|31|11|03|
724|44|26|09|06|14|03|
725|28|10|40|19|50|18|
726|24|39|17|42|45|44|
727|40|20|09|02|24|47|
728|12|02|01|06|44|42|
729|04|30|03|01|16|06|
730|48|31|04|03|33|44|
731|27|46|44|17|11|35|
732|40|13|44|33|32|50|
733|04|12|18|50|27|23|
734|49|21|19|08|15|04|
735|39|07|49|10|36|29|
736|40|47|41|20|18|23|
737|11|50|22|14|39|27|
738|21|06|03|07|13|35|
739|10|35|08|09|17|39|
740|50|20|07|42|45|22|
741|45|39|18|13|33|20|
742|11|16|25|50|18|47|
743|05|30|34|19|12|47|
744|50|22|20|17|23|34|
745|35|19|06|40|01|25|
746|42|22|05|21|45|28|
747|50|02|17|14|24|40|
748|06|21|14|46|42|40|
749|09|46|22|50|08|40|
750|44|35|31|17|10|40|
751|24|33|21|26|49|39|
752|06|20|25|36|11|03|
753|29|07|50|27|20|12|
754|40|28|41|35|38|10|
755|39|33|07|45|28|34|
756|33|10|29|13|14|32|
757|35|14|19|22|49|06|
758|11|45|04|19|34|24|
759|01|20|31|10|29|06|
760|25|48|36|15|21|09|
761|18|21|12|08|20|28|
762|12|11|28|35|34|45|
763|40|49|33|50|31|41|
764|25|41|32|46|50|04|
765|20|11|04|24|07|42|
766|39|17|09|50|38|41|
767|08|23|09|28|13|17|
768|06|02|21|05|25|01|
769|35|38|07|45|15|30|
770|20|33|24|50|01|34|
771|18|32|29|07|04|24|
772|13|04|42|30|32|21|
773|09|33|17|20|18|06|
774|05|48|07|25|45|12|
775|47|38|16|07|37|35|
776|37|39|04|36|49|40|
777|36|01|06|23|48|22|
778|29|06|14|34|38|32|
779|23|13|34|46|36|45|
780|21|50|24|29|33|39|
781|50|02|17|41|40|20|
782|37|32|11|47|34|22|
783|41|07|25|03|50|01|
784|23|45|18|08|28|38|
785|20|01|40|24|17|41|
786|14|19|04|50|44|32|
787|40|05|23|11|01|19|
788|21|37|32|25|46|13|
789|34|32|43|47|05|50|
790|12|31|24|14|39|49|
791|24|06|14|29|21|04|
792|35|18|50|42|08|05|
793|02|33|14|41|08|07|
794|38|11|35|06|47|18|
795|43|20|40|30|33|17|
796|11|36|49|37|29|01|
797|19|49|50|08|16|29|
798|49|25|29|45|22|02|
799|11|17|47|38|42|49|
800|05|37|07|39|40|30|
801|48|05|43|35|39|17|
802|48|06|10|35|44|37|
803|31|32|20|12|05|37|
804|44|35|23|38|22|16|
805|09|03|16|19|14|42|
806|30|20|33|16|08|11|
807|37|29|11|36|13|06|
808|08|27|15|09|12|50|
809|29|49|08|34|50|10|
810|34|32|42|45|30|18|
811|06|37|10|09|20|45|
812|26|40|09|48|22|27|
813|09|03|13|38|45|50|
814|49|38|24|02|29|50|
815|35|09|22|28|46|39|
816|45|40|43|36|50|31|
817|24|48|09|07|18|05|
818|39|45|29|50|41|44|
819|11|28|21|32|04|34|
820|35|11|04|01|44|42|
821|19|10|17|01|34|07|
822|20|32|40|25|12|14|
823|22|01|39|28|48|45|
824|12|30|06|41|10|36|
825|34|19|36|13|17|20|
826|29|02|18|39|50|44|
827|49|23|15|30|06|36|
828|20|05|09|24|39|32|
829|38|39|36|12|44|23|
830|28|01|49|29|07|21|
831|20|46|12|27|01|08|
832|33|23|10|49|46|27|
833|17|08|40|24|30|34|
834|40|43|37|30|11|21|
835|15|50|21|22|12|06|
836|45|33|21|13|20|06|
837|14|15|11|30|36|07|
838|10|28|50|30|31|41|
839|06|03|02|26|25|22|
840|06|48|02|50|07|24|
841|39|24|36|30|14|05|
842|17|10|49|50|26|37|
843|18|10|42|37|31|13|
844|02|04|05|26|24|40|
845|36|40|39|41|43|49|
846|24|01|11|44|45|48|
847|11|36|38|47|49|32|
848|21|49|20|43|04|27|
849|36|15|23|42|10|37|
850|25|50|21|19|45|10|
851|42|07|17|10|02|40|
852|50|36|48|14|24|06|
853|29|03|27|07|10|50|
854|04|25|47|11|30|12|
855|05|17|29|50|31|10|
856|21|28|39|32|03|22|
857|44|02|42|21|43|01|
858|11|34|03|48|04|08|
859|28|27|31|07|05|12|
860|01|24|41|09|34|03|
861|11|49|30|25|40|41|
862|37|50|30|06|10|04|
863|03|30|07|38|46|40|
864|24|16|04|28|32|46|
865|38|11|21|46|17|41|
866|04|09|37|40|23|47|
867|19|11|08|20|46|07|
868|06|15|30|34|31|18|
869|22|42|18|30|06|16|
870|04|37|10|08|35|22|
871|14|16|23|49|04|09|
872|34|33|36|31|29|18|
873|46|05|09|08|02|47|
874|20|19|07|42|04|38|
875|10|40|07|12|08|18|
876|47|24|02|19|44|15|
877|33|28|41|14|30|18|
878|01|36|48|28|30|43|
879|19|13|22|45|49|17|
880|18|42|06|27|19|33|
881|33|49|36|29|23|21|
882|14|21|31|12|45|19|
883|06|38|01|32|50|12|
884|14|43|27|47|09|23|
885|19|46|01|09|13|11|
886|08|27|29|11|35|21|
887|40|17|11|24|25|31|
888|41|28|07|09|11|40|
889|45|21|25|15|49|22|
890|05|33|19|03|49|18|
891|21|15|13|48|06|36|
892|19|08|05|36|42|43|
893|12|29|14|24|38|22|
894|45|50|06|01|47|37|
895|34|23|26|20|29|47|
896|29|04|35|43|28|45|
897|04|26|03|32|10|34|
898|07|46|37|44|42|43|
899|23|09|37|43|39|42|
900|17|09|27|38|40|35|
901|05|45|11|40|46|02|
902|33|19|06|40|07|03|
903|37|27|08|33|49|03|
904|44|36|14|03|47|29|
905|26|22|35|15|34|05|
906|29|40|18|17|30|15|
907|25|05|37|29|13|04|
908|14|36|37|44|27|45|
909|20|16|33|30|03|49|
910|08|50|15|19|30|16|
911|35|47|01|27|06|28|
912|40|42|29|28|03|14|
913|40|28|33|27|17|32|
914|01|26|41|02|47|45|
915|24|35|13|08|19|34|
916|39|14|36|38|06|48|
917|01|38|26|44|30|39|
918|24|42|01|19|26|21|
919|36|45|08|11|28|30|
920|22|10|30|40|29|12|
921|49|11|02|08|32|30|
922|12|44|39|20|34|03|
923|47|46|33|30|10|45|
924|44|21|38|04|01|41|
925|22|38|39|23|36|48|
926|44|01|19|32|35|06|
927|48|01|50|09|20|39|
928|22|46|16|09|05|04|
929|34|44|35|25|33|06|
930|39|49|09|37|34|11|
931|02|43|47|03|16|04|
932|26|17|40|02|39|15|
933|49|32|26|19|13|11|
934|45|35|23|03|06|50|
935|01|48|28|47|25|36|
936|49|50|16|43|25|23|
937|33|35|18|09|41|15|
938|20|47|13|31|10|37|
939|47|12|06|34|23|15|
940|41|40|10|09|17|14|
941|13|11|22|04|29|31|
942|02|15|47|20|39|29|
943|07|32|23|41|25|43|
944|06|20|45|30|09|25|
945|01|17|25|20|26|41|
946|26|12|18|46|31|32|
947|07|23|20|09|46|15|
948|10|06|11|26|31|28|
949|17|24|28|08|36|14|
950|19|47|12|39|07|02|
951|02|21|15|45|16|14|
952|33|22|36|39|23|49|
953|32|40|34|45|30|03|
954|42|49|47|19|23|16|
955|48|49|40|17|05|29|
956|42|34|27|35|32|25|
957|10|50|41|08|31|49|
958|08|17|40|32|02|31|
959|04|47|09|46|20|21|
960|19|11|02|36|41|10|
961|47|16|23|36|32|35|
962|02|40|24|06|13|50|
963|39|05|11|13|10|37|
964|12|02|47|37|14|34|
965|09|04|35|29|28|05|
966|43|19|48|21|03|47|
967|09|48|22|27|28|33|
968|43|19|23|13|14|46|
969|21|36|28|08|19|26|
970|14|34|30|22|13|09|
971|45|05|37|19|48|47|
972|45|04|19|47|34|11|
973|33|45|47|04|28|09|
974|02|23|37|21|03|48|
975|49|13|23|40|24|01|
976|05|16|10|47|04|30|
977|10|07|18|29|47|03|
978|11|02|16|37|22|32|
979|08|30|35|39|15|14|
980|44|17|28|01|12|04|
981|19|44|10|15|47|12|
982|25|10|33|05|23|38|
983|48|11|12|50|36|07|
984|14|22|11|50|01|41|
985|27|10|18|08|36|24|
986|41|16|12|07|34|04|
987|23|22|04|38|26|49|
988|23|06|31|29|12|32|
989|33|47|49|35|05|29|
990|33|12|50|49|07|36|
991|06|34|43|03|47|24|
992|22|14|25|39|11|36|
993|49|16|26|38|02|03|
994|01|39|44|28|04|20|
995|05|43|03|21|50|46|
996|31|21|33|30|36|14|
997|39|47|20|14|48|08|
998|11|40|05|18|13|02|
999|23|30|36|27|20|04|
1000|42|46|45|07|18|09|
1001|26|23|29|46|39|34|
1002|35|19|43|29|12|40|
1003|06|30|18|19|48|37|
1004|37|45|46|05|19|31|
1005|23|12|49|29|33|40|
1006|36|19|32|24|48|49|
1007|43|28|26|24|32|29|
1008|28|27|50|32|48|46|
1009|28|35|19|07|36|16|
1010|38|23|04|42|37|07|
1011|10|09|32|47|39|18|
1012|08|47|38|24|31|42|
1013|45|42|28|36|18|07|
1014|37|06|07|50|21|44|
1015|31|06|07|33|25|14|
1016|04|46|15|10|12|01|
1017|34|25|05|45|14|47|
1018|41|01|10|12|35|40|
1019|38|09|39|27|46|10|
1020|31|38|19|29|16|27|
1021|44|10|50|01|03|18|
1022|32|11|25|04|33|35|
1023|44|15|39|14|49|18|
1024|31|12|50|39|20|14|
1025|30|42|39|08|28|12|
1026|29|31|12|43|34|04|
1027|13|11|16|01|43|08|
1028|13|47|25|09|17|07|
1029|22|19|16|30|45|25|
1030|07|16|15|38|25|32|
1031|43|26|02|03|42|35|
1032|48|06|08|45|21|11|
1033|22|19|20|24|45|28|
1034|20|35|25|16|10|04|
1035|31|45|29|20|15|09|
1036|27|24|20|04|32|31|
1037|18|48|26|06|21|27|
1038|15|48|22|10|18|38|
1039|03|07|10|23|13|08|
1040|12|08|22|14|02|01|
1041|12|28|05|14|36|09|
1042|45|41|14|21|04|32|
1043|25|46|23|15|20|04|
1044|10|18|01|35|12|45|
1045|47|13|19|01|38|08|
1046|09|37|15|18|42|17|
1047|28|49|42|37|03|31|
1048|21|11|22|43|40|30|
1049|14|49|02|44|33|46|
1050|15|32|46|01|30|06|
1051|01|29|50|03|36|15|
1052|14|36|13|24|47|39|
1053|25|10|22|05|40|12|
1054|33|22|20|04|09|42|
1055|34|01|15|45|40|23|
1056|22|26|43|30|09|08|
1057|08|02|25|04|07|05|
1058|44|09|25|37|38|36|
1059|37|49|07|45|27|40|
1060|37|07|34|47|35|32|
1061|37|08|24|17|18|02|
1062|05|02|25|38|26|24|
1063|08|38|11|15|16|43|
1064|21|07|32|06|44|16|
1065|35|03|47|27|14|36|
1066|29|50|31|05|35|25|
1067|37|04|08|15|36|50|
1068|06|02|43|18|11|46|
1069|09|18|49|17|37|28|
1070|20|39|28|12|01|07|
1071|14|21|06|12|31|44|
1072|14|20|21|31|17|32|
1073|32|48|29|21|18|03|
1074|16|37|07|40|23|38|
1075|23|35|15|14|04|05|
1076|01|45|41|10|28|18|
1077|25|31|14|21|19|03|
1078|15|41|19|28|18|39|
1079|09|12|15|10|17|39|
1080|37|47|26|48|40|27|
1081|48|26|07|06|37|11|
1082|18|23|49|15|39|31|
1083|05|09|38|37|32|13|
1084|50|32|26|39|49|16|
1085|19|32|16|39|38|34|
1086|24|33|05|15|47|27|
1087|42|25|01|16|04|36|
1088|42|41|13|12|28|47|
1089|42|30|27|28|23|41|
1090|03|15|09|38|29|28|
1091|40|27|35|48|07|01|
1092|23|04|33|40|10|22|
1093|32|44|37|50|40|25|
1094|05|15|50|26|43|21|
1095|09|50|49|22|43|23|
1096|44|31|48|35|05|39|
1097|43|07|14|42|41|18|
1098|32|10|26|08|43|29|
1099|25|40|46|20|15|48|
1100|10|40|15|39|21|23|
1101|30|36|12|45|31|17|
1102|37|33|34|01|30|17|
1103|42|20|35|02|28|18|
