1|18|20|25|23|10|11|24|14|06|02|13|09|05|16|03|
2|23|15|05|04|12|16|20|06|11|19|24|01|09|13|07|
3|20|23|12|08|06|01|07|11|14|04|16|10|09|17|24|
4|16|05|25|24|23|08|12|02|17|18|01|10|04|19|13|
5|15|13|20|02|11|24|09|16|04|23|25|12|08|19|01|
6|23|19|01|05|07|21|16|10|15|25|06|02|12|04|17|
7|22|04|15|08|16|14|21|23|12|01|25|19|07|10|18|
8|19|16|18|09|13|08|05|25|17|10|06|15|01|22|20|
9|21|04|17|05|03|13|16|09|20|24|25|19|11|15|10|
10|24|19|08|23|06|02|20|11|09|03|04|10|05|12|14|
11|24|09|08|19|20|22|06|10|11|16|07|25|23|02|12|
12|11|05|25|01|09|08|16|04|07|24|17|02|12|14|10|
13|13|06|10|05|08|14|03|11|16|15|09|17|19|07|23|
14|14|21|13|19|20|06|09|05|07|23|18|01|15|02|25|
15|23|06|21|04|10|24|16|01|15|02|08|19|12|18|25|
16|24|17|05|08|07|12|13|02|15|10|19|25|23|21|06|
17|13|20|17|01|06|07|02|14|05|09|16|19|03|21|18|
18|02|23|10|07|11|14|17|22|15|06|24|08|19|20|18|
19|15|17|10|23|11|24|13|14|06|02|08|05|20|16|07|
20|04|09|08|24|16|20|03|17|18|19|07|06|23|14|10|
21|05|02|01|22|19|08|24|04|25|23|18|20|14|11|16|
22|13|15|05|09|07|10|01|03|22|02|25|14|06|04|12|
23|10|11|05|19|18|14|06|04|20|01|08|03|12|16|17|
24|01|19|21|14|02|23|25|05|20|11|07|10|24|17|03|
25|04|23|20|02|05|13|07|09|24|03|01|06|14|22|16|
26|19|11|07|16|08|21|05|10|20|13|23|09|17|14|22|
27|25|06|22|21|11|24|03|14|12|13|20|08|10|15|18|
28|18|21|11|07|09|03|20|16|14|12|13|17|01|19|10|
29|13|14|06|01|24|04|08|05|17|22|21|19|20|09|16|
30|22|02|01|17|08|04|19|20|11|14|06|21|07|23|03|
31|01|03|22|14|21|17|24|15|20|13|02|19|04|25|09|
32|10|14|09|16|15|07|22|06|04|02|01|17|23|11|20|
33|08|20|12|16|10|21|05|02|23|19|11|24|01|14|07|
34|07|19|16|10|23|04|18|11|08|09|20|21|01|02|15|
35|12|01|13|23|19|21|17|11|22|06|25|16|14|05|04|
36|07|23|10|20|01|21|04|08|11|19|17|22|24|14|05|
37|24|20|05|15|10|22|21|03|01|23|11|04|13|08|09|
38|14|13|08|16|01|10|03|07|15|25|09|02|24|06|22|
39|14|15|07|19|08|09|22|17|23|18|02|11|24|13|21|
40|10|17|16|12|14|24|08|07|05|20|21|01|13|02|22|
41|25|04|23|18|17|19|15|13|09|03|12|20|21|16|02|
42|01|24|12|25|04|03|21|08|11|06|15|22|14|17|05|
43|23|22|03|17|01|24|14|19|08|06|09|18|20|07|10|
44|23|21|12|19|05|04|06|13|14|10|03|18|24|11|25|
45|01|23|14|16|02|19|18|07|21|09|24|25|17|05|03|
46|06|14|08|11|24|18|19|23|02|05|04|21|10|01|25|
47|06|08|25|18|20|05|11|10|15|13|04|22|03|02|01|
48|15|06|21|20|02|17|05|23|11|07|13|16|18|19|22|
49|11|02|24|08|20|16|04|13|19|06|15|22|05|23|21|
50|02|03|07|25|21|23|10|01|13|11|20|06|12|19|09|
51|08|01|13|14|05|22|21|07|06|23|03|17|20|11|16|
52|25|04|16|02|15|21|12|09|11|08|24|23|01|13|22|
53|23|03|07|17|20|14|12|02|18|24|06|01|11|09|19|
54|22|08|12|09|21|05|20|04|24|02|07|06|14|16|18|
55|04|06|12|15|02|03|13|16|08|09|07|25|05|18|19|
56|19|01|05|14|16|15|17|02|13|22|20|12|23|09|24|
57|25|17|08|11|03|06|19|22|21|07|20|01|04|12|02|
58|20|14|11|13|19|18|15|16|05|03|06|12|17|22|04|
59|06|08|14|01|23|20|03|15|25|11|05|07|13|10|19|
60|17|22|16|05|03|02|18|08|25|11|01|19|04|23|24|
61|04|15|01|23|09|14|12|11|13|19|25|16|22|05|20|
62|09|07|01|13|20|11|03|17|25|08|14|16|15|18|24|
63|13|19|22|17|10|04|25|09|24|08|16|11|21|12|20|
64|13|01|10|06|25|23|14|09|07|02|18|08|20|03|17|
65|23|19|10|07|01|17|04|02|22|16|21|15|20|18|25|
66|08|10|23|17|11|20|02|14|21|22|15|16|24|04|01|
67|07|24|13|20|16|05|21|12|11|08|15|22|23|10|09|
68|09|01|25|16|06|03|05|22|07|12|08|10|02|17|23|
69|23|07|11|15|04|17|20|08|09|24|01|18|21|10|19|
70|14|05|09|24|06|15|12|19|20|01|02|25|16|10|03|
71|13|03|22|05|01|21|23|06|08|11|15|18|14|16|09|
72|02|16|05|25|23|11|18|13|24|15|01|07|08|12|17|
73|25|17|18|02|16|19|15|13|14|05|21|11|07|01|10|
74|08|25|03|01|02|22|16|04|05|15|06|18|13|23|11|
75|10|08|03|16|07|25|20|04|13|06|11|15|17|05|01|
76|15|05|12|10|19|16|21|17|25|09|13|01|23|08|03|
77|06|20|04|09|11|17|03|08|02|21|24|14|22|25|18|
78|15|05|17|23|01|08|07|20|16|06|12|18|03|02|13|
79|15|14|17|02|22|24|05|23|20|09|12|18|25|01|03|
80|17|22|25|07|20|03|18|10|04|01|14|09|02|05|15|
81|13|02|07|19|17|15|01|04|06|21|03|11|05|16|10|
82|04|08|19|12|23|17|13|20|01|18|06|15|05|22|09|
83|23|10|25|20|14|03|01|06|02|11|08|13|12|24|05|
84|15|22|08|25|06|04|16|01|02|24|19|20|17|23|12|
85|01|02|11|21|16|08|23|07|18|22|14|15|05|13|09|
86|13|19|12|18|05|06|09|24|23|04|17|08|25|02|14|
87|11|03|18|25|05|24|13|08|15|10|09|22|01|02|20|
88|08|10|18|24|11|01|17|02|25|09|14|19|12|04|05|
89|23|16|01|12|21|25|17|19|13|20|24|15|06|11|22|
90|22|10|11|08|17|20|23|03|21|01|15|25|02|12|24|
91|16|23|01|25|22|14|09|13|11|10|12|15|04|20|17|
92|17|06|04|01|08|15|02|19|14|13|12|18|21|24|22|
93|04|24|07|17|09|13|18|20|05|06|10|21|02|19|23|
94|21|09|13|12|11|15|04|22|24|16|08|18|23|02|17|
95|10|04|18|22|01|03|20|19|17|02|15|05|11|12|14|
96|09|17|24|06|16|10|23|18|14|19|04|03|12|21|22|
97|04|10|13|22|17|03|23|24|12|14|15|25|19|20|06|
98|24|17|15|25|08|18|22|06|01|11|23|20|05|02|10|
99|04|07|24|25|20|14|01|02|10|16|17|11|21|13|03|
100|11|22|14|25|10|08|23|13|04|16|17|09|03|12|01|
101|07|06|14|19|13|03|21|23|01|24|16|17|09|20|10|
102|19|04|22|01|07|23|10|25|21|11|18|02|03|09|12|
103|23|18|01|07|05|22|02|03|25|10|04|17|08|16|11|
104|06|05|22|24|19|16|11|14|21|13|15|25|07|18|10|
105|08|07|10|12|25|09|15|22|19|06|11|13|04|17|21|
106|05|15|03|01|04|13|22|02|25|06|10|17|14|23|12|
107|24|04|07|17|21|12|15|03|25|11|01|18|06|08|09|
108|09|15|25|14|16|02|08|11|12|07|01|22|04|23|18|
109|09|07|23|01|11|25|18|13|20|03|21|05|24|16|12|
110|23|20|03|06|05|01|04|25|12|13|21|17|22|14|19|
111|10|01|19|21|25|17|12|05|11|15|13|24|06|18|22|
112|20|10|02|06|19|21|18|03|17|11|01|14|04|15|23|
113|06|14|24|02|19|05|12|08|20|21|04|11|01|13|25|
114|20|03|22|09|06|02|14|01|10|25|24|11|21|08|07|
115|04|17|05|16|06|11|20|09|12|21|25|07|13|01|18|
116|11|13|18|10|25|23|16|01|14|02|19|21|12|09|20|
117|14|20|05|11|09|23|18|17|06|13|25|15|07|12|10|
118|24|15|21|22|18|04|14|13|19|06|12|02|23|08|05|
119|15|01|21|22|09|04|18|06|24|20|23|11|08|10|17|
120|03|08|19|07|20|16|15|13|12|11|01|24|18|21|05|
121|17|24|25|23|07|02|04|05|11|10|09|01|18|16|12|
122|05|22|02|10|13|15|09|20|04|25|01|18|23|17|08|
123|20|13|21|06|18|05|04|07|17|24|19|12|23|11|22|
124|19|09|02|06|24|07|20|16|15|03|25|14|04|18|21|
125|10|22|07|06|12|16|11|21|04|09|24|03|02|25|15|
126|07|22|18|08|13|25|16|01|21|04|24|14|03|02|06|
127|05|25|04|01|13|02|12|18|22|19|23|07|03|10|11|
128|17|02|14|21|03|23|06|15|13|11|04|16|19|25|20|
129|05|11|09|22|06|21|07|19|02|20|15|23|18|25|13|
130|15|19|06|04|24|02|17|25|13|23|10|12|05|03|09|
131|02|25|20|12|05|07|06|11|13|19|08|04|15|22|23|
132|09|25|14|11|07|15|01|22|16|04|05|17|03|10|23|
133|18|22|09|03|15|20|08|21|04|19|13|01|11|23|05|
134|12|16|05|07|11|19|08|25|22|17|14|01|03|10|13|
135|07|22|13|02|21|14|19|08|01|25|20|10|15|18|05|
136|01|02|23|12|17|21|05|22|09|15|24|14|13|06|03|
137|18|06|19|25|11|08|17|20|16|10|02|21|12|09|13|
138|15|07|16|17|08|24|22|02|03|13|11|05|21|25|04|
139|22|24|23|12|01|15|07|14|21|16|17|02|09|18|19|
140|12|10|19|01|25|22|15|06|02|24|13|20|09|18|03|
141|18|12|19|03|08|17|13|01|25|20|10|16|09|24|07|
142|01|18|19|05|23|07|06|16|17|24|15|09|22|04|02|
143|21|11|22|09|24|08|17|15|25|01|16|23|13|19|02|
144|12|17|01|02|21|04|14|22|09|24|20|07|19|11|25|
145|14|15|20|22|13|10|25|11|18|09|24|02|03|01|17|
146|17|22|12|02|11|05|24|10|14|13|25|16|01|23|08|
147|02|05|12|13|21|23|22|11|01|10|06|25|04|19|16|
148|05|22|24|02|01|12|08|21|16|25|20|09|13|04|17|
149|24|19|02|17|16|09|25|05|20|18|13|10|15|23|07|
150|21|07|11|05|08|19|01|25|06|22|24|14|23|09|03|
151|18|10|13|11|03|09|12|04|23|07|24|16|14|05|20|
152|23|03|25|06|19|22|24|15|07|17|08|13|20|04|05|
153|13|21|05|25|08|20|23|12|11|04|01|18|02|24|17|
154|18|09|16|05|15|24|23|10|01|11|14|06|13|03|02|
155|15|10|16|14|08|11|19|02|21|20|18|04|05|22|24|
156|03|08|09|15|13|10|12|04|23|20|22|01|19|11|14|
157|10|14|02|18|25|09|21|07|24|01|16|06|04|12|19|
158|11|15|22|17|12|23|02|07|16|18|19|09|20|10|08|
159|11|02|01|03|17|15|25|10|24|14|04|06|08|05|20|
160|15|14|03|12|16|24|19|21|20|17|10|04|09|01|11|
161|21|24|01|08|20|17|25|18|11|05|15|23|22|16|13|
162|03|01|12|06|20|11|05|16|24|02|08|23|13|04|18|
163|21|03|14|06|02|01|25|09|15|13|20|24|23|07|05|
164|01|11|14|05|15|10|02|06|21|18|03|24|08|23|22|
165|09|01|19|13|14|04|12|15|25|02|22|08|18|17|06|
166|18|03|09|21|19|22|08|15|10|23|14|02|20|04|13|
167|18|10|01|13|19|09|16|14|24|02|06|03|22|08|23|
168|01|07|20|04|19|12|24|03|15|17|16|02|10|23|22|
169|04|16|24|06|08|11|15|10|01|21|05|12|09|07|20|
170|07|22|25|04|13|23|06|05|01|20|03|10|18|08|16|
171|24|03|25|10|17|13|16|22|15|04|01|23|12|11|21|
172|02|18|09|11|07|13|06|01|04|25|12|20|21|22|10|
173|02|05|11|23|22|15|08|24|20|21|19|03|07|04|25|
174|04|07|13|23|10|20|02|09|01|15|24|17|12|25|11|
175|07|11|02|14|18|05|21|19|16|03|15|12|24|13|06|
176|12|25|15|21|10|04|24|16|11|13|18|02|22|17|23|
177|24|16|11|13|06|19|02|17|07|08|15|20|10|23|21|
178|06|03|21|25|10|20|19|23|09|04|08|02|24|16|14|
179|02|15|17|03|22|19|14|07|23|25|05|04|24|09|13|
180|02|04|11|20|17|25|24|07|01|05|03|10|15|06|08|
181|01|16|22|05|20|07|23|08|15|04|06|14|17|19|21|
182|11|22|08|19|17|03|02|14|25|09|07|21|13|23|04|
183|08|07|06|13|23|11|19|21|16|25|14|20|24|02|04|
184|03|17|07|23|11|15|08|01|19|21|25|16|18|09|10|
185|20|19|25|06|01|15|23|08|12|09|11|04|07|02|17|
186|16|25|23|22|13|05|06|19|24|17|02|18|04|11|12|
187|21|25|12|01|16|03|13|24|11|17|19|15|23|22|18|
188|16|19|20|10|25|24|22|08|13|05|11|23|21|02|03|
189|09|13|05|18|23|19|16|22|01|02|07|04|20|06|24|
190|16|11|13|15|23|24|08|01|05|18|04|19|03|07|14|
191|23|09|18|05|19|20|08|02|22|10|13|21|15|17|12|
192|24|11|01|13|03|06|16|04|15|22|02|23|14|05|21|
193|14|16|21|02|09|19|20|03|04|10|25|01|15|05|08|
194|23|14|22|25|12|18|08|09|13|15|02|21|17|07|10|
195|04|03|14|22|19|17|09|12|18|07|23|08|11|02|06|
196|22|24|10|15|16|25|20|14|17|05|02|04|23|19|03|
197|09|13|23|20|03|06|10|05|22|04|08|12|07|18|21|
198|25|01|06|02|13|07|18|21|14|04|15|20|05|17|16|
199|23|02|06|11|22|20|04|03|15|05|01|09|21|12|19|
200|16|08|09|05|23|11|13|12|04|14|15|02|01|21|24|
201|10|15|08|19|02|11|12|05|20|01|22|04|13|09|14|
202|05|14|23|19|24|10|17|11|01|21|22|13|16|03|18|
203|24|02|04|05|12|13|01|03|23|18|06|07|25|14|17|
204|08|25|16|17|23|22|05|15|04|07|24|02|14|03|11|
205|21|04|18|12|22|10|02|16|17|11|03|15|25|14|09|
206|22|09|05|16|15|03|13|08|21|02|12|17|11|20|14|
207|04|12|06|01|15|10|19|03|14|09|17|02|13|22|20|
208|24|19|16|07|03|12|23|06|09|10|04|01|14|11|15|
209|24|01|19|22|25|03|10|15|14|06|05|18|21|07|09|
210|15|16|07|14|18|22|10|13|23|11|03|24|09|21|05|
211|17|01|10|12|02|06|08|04|24|18|14|22|11|16|25|
212|16|06|19|22|03|01|20|11|10|14|08|23|04|09|12|
213|16|01|10|21|05|04|09|23|08|03|24|25|11|18|19|
214|02|14|04|18|09|24|11|01|13|19|03|22|25|20|15|
215|17|15|03|12|25|09|19|23|11|04|07|14|05|18|01|
216|11|09|17|13|21|06|04|25|24|05|03|07|19|02|10|
217|06|16|04|05|12|19|11|25|10|21|07|02|09|17|03|
218|21|25|15|17|11|22|02|16|08|13|14|12|05|20|07|
219|19|24|03|22|02|17|11|18|25|16|23|08|09|14|06|
220|21|16|05|25|13|23|24|10|20|18|14|09|15|12|17|
221|06|01|17|07|21|12|03|23|16|20|02|08|19|10|25|
222|05|15|21|04|23|12|07|08|24|22|06|18|01|03|09|
223|09|23|14|22|02|24|11|07|10|13|16|21|04|12|20|
224|24|09|08|04|19|11|21|13|18|20|15|23|10|06|12|
225|15|25|08|01|23|03|05|13|02|19|14|20|22|07|18|
226|20|05|19|14|13|10|08|15|17|21|18|04|16|11|25|
227|10|18|20|21|05|17|14|12|19|07|22|15|09|01|08|
228|14|15|19|17|11|04|20|16|13|25|12|24|18|02|10|
229|09|06|25|15|20|12|16|14|11|10|17|23|08|13|02|
230|06|01|04|24|17|22|08|11|02|05|15|13|14|03|10|
231|24|17|19|12|21|01|05|18|10|02|07|15|25|06|16|
232|11|24|21|23|14|25|16|13|12|04|05|17|06|09|18|
233|01|14|07|03|13|02|06|08|12|05|21|17|09|19|04|
234|11|14|01|05|02|12|03|04|13|17|24|09|15|21|22|
235|21|13|24|14|18|17|08|16|12|23|19|15|01|25|10|
236|01|13|03|22|25|23|05|16|04|09|12|15|08|07|21|
237|13|12|07|06|05|19|23|16|04|20|22|09|18|15|21|
238|11|17|19|24|20|13|06|21|04|12|01|14|23|15|03|
239|07|13|09|14|25|15|10|22|01|23|16|03|06|19|05|
240|02|10|09|23|19|15|01|13|22|04|11|18|14|16|21|
241|14|05|23|24|13|15|21|08|12|09|25|04|17|20|03|
242|13|02|21|19|08|15|17|06|22|14|09|16|18|23|05|
243|05|03|13|25|07|23|16|21|18|01|20|04|02|12|17|
244|06|12|10|24|11|07|18|15|03|22|05|14|20|21|09|
245|11|24|10|19|18|12|14|25|01|09|02|15|06|07|16|
246|08|07|25|24|01|05|09|21|18|15|17|12|10|04|13|
247|01|22|07|08|14|04|02|25|03|17|15|16|23|19|09|
248|25|10|12|08|05|02|11|20|21|01|16|19|09|13|15|
249|23|05|21|14|18|12|07|15|08|04|25|09|22|17|10|
250|19|13|02|05|23|09|03|10|15|17|16|18|21|12|01|
251|21|13|19|15|23|18|22|09|04|25|16|10|03|05|06|
252|02|06|18|25|15|11|24|23|03|22|17|04|19|14|08|
253|22|04|19|05|21|23|06|01|18|11|12|15|08|13|07|
254|20|02|23|06|05|14|15|09|08|03|07|11|16|13|04|
255|17|03|04|01|02|14|15|10|09|16|22|24|06|21|23|
256|01|12|10|09|16|08|18|20|07|02|06|22|13|15|24|
257|22|10|12|09|07|18|13|06|01|16|03|24|14|17|19|
258|13|20|12|04|02|25|22|24|19|21|09|06|14|05|17|
259|10|25|18|15|06|21|22|20|07|03|08|09|24|19|05|
260|24|11|05|19|07|20|09|18|14|03|13|08|01|06|04|
261|04|02|16|15|25|06|11|21|05|17|19|20|07|13|01|
262|08|21|12|20|03|14|13|07|09|24|15|23|04|17|06|
263|23|19|08|15|16|11|07|21|24|09|10|01|18|04|14|
264|08|03|25|06|22|09|13|23|20|04|16|19|01|12|21|
265|07|12|22|05|19|11|18|08|13|16|17|24|01|20|15|
266|18|21|03|19|04|14|24|22|05|06|07|09|11|01|15|
267|15|11|23|09|12|06|14|13|17|24|21|02|05|04|03|
268|25|23|08|15|09|16|20|12|07|18|06|19|05|10|14|
269|22|02|01|04|13|15|18|19|24|23|10|16|17|06|14|
270|16|01|14|05|09|18|08|03|06|25|07|19|23|04|24|
271|19|11|05|16|24|20|25|06|04|12|08|01|21|02|18|
272|25|15|12|01|04|09|13|24|08|17|05|20|11|23|02|
273|16|05|21|07|12|20|01|15|24|18|25|10|19|17|06|
274|15|25|05|23|10|02|07|12|17|14|11|21|06|20|04|
275|06|09|12|22|01|10|15|05|14|17|20|03|18|11|08|
276|02|07|17|05|18|12|22|03|25|13|20|04|11|19|10|
277|16|24|13|02|17|10|09|11|21|04|23|14|25|22|12|
278|12|09|02|03|21|19|01|23|05|15|11|17|13|06|25|
279|12|10|03|17|18|06|05|23|01|02|22|19|11|09|13|
280|09|25|20|10|19|24|05|13|16|03|17|11|06|15|04|
281|04|01|10|23|12|02|25|17|19|08|11|09|14|03|15|
282|25|07|03|21|11|20|16|13|08|04|15|12|19|22|02|
283|24|22|10|13|04|20|06|01|11|09|23|12|08|02|19|
284|23|05|22|07|21|12|25|13|01|11|15|17|03|06|19|
285|11|16|08|10|14|01|04|05|15|22|09|12|19|13|23|
286|25|01|23|21|07|04|11|09|12|02|13|10|24|19|03|
287|15|21|06|23|02|10|22|25|07|17|16|05|18|13|12|
288|18|15|06|19|02|10|03|14|25|09|24|01|04|13|12|
289|04|08|01|03|10|19|02|14|06|09|17|15|12|24|22|
290|17|09|13|02|23|14|11|20|22|07|06|12|01|21|05|
291|14|08|15|10|01|05|17|24|02|12|07|13|23|20|11|
292|21|03|24|07|17|05|02|11|13|09|22|12|25|16|08|
293|14|12|03|09|25|22|13|24|02|06|01|23|18|15|19|
294|11|16|24|04|20|02|01|05|07|03|08|12|15|23|25|
295|25|24|06|23|15|10|03|21|13|18|02|04|19|17|16|
296|16|18|14|06|22|11|15|19|02|25|07|03|12|08|17|
297|23|10|25|24|01|21|15|09|08|16|04|22|14|07|12|
298|01|06|07|16|04|24|21|08|13|03|11|15|14|12|22|
299|10|20|03|24|23|06|17|08|22|13|07|05|19|18|21|
300|07|21|09|04|11|23|19|17|03|12|08|25|20|15|22|
301|02|09|11|03|17|13|12|19|20|15|22|23|18|08|14|
302|18|20|09|06|11|25|02|16|15|14|04|22|12|10|05|
303|06|22|18|21|12|24|23|20|15|17|02|08|03|16|04|
304|01|15|22|16|14|04|18|17|12|21|20|25|05|03|19|
305|20|10|25|04|03|18|22|21|02|08|11|12|05|24|13|
306|25|05|13|04|02|08|20|01|11|16|18|12|14|15|19|
307|20|09|12|14|23|17|21|24|19|01|03|10|15|04|06|
308|23|01|21|16|24|19|05|25|12|13|22|04|18|02|15|
309|03|13|22|10|16|21|01|09|14|20|04|08|17|24|02|
310|11|14|21|10|03|24|18|19|09|15|23|16|05|02|17|
311|23|05|24|12|17|10|25|02|14|16|20|19|15|07|04|
312|22|08|09|18|02|17|10|19|01|16|25|11|13|12|06|
313|07|06|14|23|17|12|15|19|10|16|09|25|02|03|18|
314|21|05|11|01|08|19|02|22|09|20|06|12|14|13|15|
315|16|13|11|23|05|06|21|17|08|02|24|03|20|14|19|
316|08|19|06|14|04|03|24|23|01|13|12|15|10|18|07|
317|21|05|08|04|11|01|22|02|25|14|18|16|09|24|19|
318|11|21|12|14|06|04|16|15|13|25|05|03|18|23|09|
319|14|24|06|09|04|08|03|16|23|01|19|10|20|12|17|
320|19|15|12|17|11|18|01|25|03|22|09|21|14|06|23|
321|17|20|12|25|09|24|14|03|10|02|04|13|11|16|18|
322|01|12|13|02|16|23|03|07|05|20|17|18|15|24|21|
323|04|17|02|21|14|01|03|20|06|07|10|25|23|09|19|
324|21|10|02|23|08|01|24|16|06|04|07|12|09|03|20|
325|25|10|22|20|23|05|04|06|02|14|24|19|07|15|01|
326|25|07|24|06|15|13|12|10|01|18|08|11|04|17|02|
327|19|08|04|14|03|16|01|15|13|12|17|21|23|02|18|
328|13|02|25|23|19|11|12|22|18|24|04|05|03|15|21|
329|18|21|08|20|24|09|01|14|04|23|25|03|17|02|13|
330|15|19|24|25|02|12|14|05|09|22|23|01|18|17|06|
331|16|15|13|19|05|23|03|18|01|07|06|22|21|25|12|
332|03|02|11|21|20|12|06|05|19|07|23|24|14|10|25|
333|16|02|13|25|09|14|01|06|21|15|05|23|18|12|11|
334|17|08|13|15|11|22|21|06|01|02|18|23|25|07|16|
335|16|14|21|09|06|17|08|03|20|19|01|12|11|07|04|
336|10|15|16|11|03|25|01|14|19|05|22|02|17|06|08|
337|03|11|07|08|23|04|19|16|09|05|01|18|22|10|12|
338|16|04|07|19|09|03|05|21|20|15|25|17|06|14|12|
339|13|19|01|23|18|16|15|05|22|20|24|21|08|02|10|
340|14|04|19|02|08|21|20|25|11|10|06|09|05|22|03|
341|20|05|21|12|11|07|16|19|18|13|22|01|25|24|09|
342|08|03|11|25|23|12|21|15|01|04|20|13|16|19|22|
343|20|15|11|25|06|08|18|12|13|16|14|19|22|03|05|
344|11|16|09|20|25|24|05|03|12|10|15|13|04|21|06|
345|23|25|09|24|20|02|12|16|19|14|15|07|18|11|21|
346|14|10|23|05|12|06|08|17|24|18|15|02|01|21|03|
347|15|24|19|03|18|14|25|12|20|09|10|11|05|08|07|
348|14|08|20|19|12|25|01|07|18|24|02|17|05|22|21|
349|07|08|17|20|22|12|01|16|02|19|25|24|05|14|18|
350|23|09|01|14|13|07|15|04|25|22|12|08|06|02|03|
351|07|01|12|03|24|18|23|05|19|02|14|11|10|17|16|
352|03|01|15|13|06|20|17|24|19|02|12|22|04|09|18|
353|18|23|19|08|12|02|09|11|03|21|22|20|13|17|07|
354|23|22|09|10|08|19|17|12|01|02|18|21|04|16|07|
355|12|11|23|13|08|04|19|25|18|07|10|06|09|15|02|
356|13|10|02|24|05|16|15|11|14|19|09|04|25|22|20|
357|17|10|06|23|21|05|08|09|14|02|19|01|13|11|25|
358|25|16|17|11|14|18|12|23|24|04|15|02|10|06|09|
359|22|21|12|04|25|13|08|24|16|11|07|17|19|18|10|
360|05|17|18|02|11|08|04|19|20|01|03|24|09|23|07|
361|09|01|20|12|07|10|14|24|19|23|13|04|17|16|15|
362|10|23|04|13|22|06|03|18|01|02|24|12|05|07|17|
363|22|23|16|03|08|06|17|02|04|09|13|11|15|20|21|
364|02|09|06|15|19|21|12|11|07|20|22|13|24|03|04|
365|11|12|04|08|19|05|15|20|23|16|03|24|25|18|10|
366|23|06|22|11|15|21|13|05|08|03|17|09|20|18|25|
367|15|21|13|20|18|22|12|07|01|17|02|08|04|09|24|
368|06|13|22|05|02|03|24|14|11|21|20|15|19|17|04|
369|24|09|12|05|15|03|23|11|06|21|01|07|14|22|20|
370|14|17|11|03|07|12|19|04|09|10|16|23|06|25|08|
371|01|16|02|08|03|13|22|07|10|05|14|06|15|25|09|
372|19|12|23|10|24|14|16|06|22|25|17|13|03|04|05|
373|19|20|11|22|04|17|14|13|09|23|02|15|12|21|06|
374|21|03|25|24|16|09|06|18|20|23|13|12|22|02|01|
375|01|05|16|10|25|02|14|13|11|18|07|19|12|17|20|
376|12|24|03|14|08|20|16|10|18|22|13|21|25|15|02|
377|22|11|12|15|04|03|01|08|02|07|17|09|13|19|20|
378|24|02|25|13|16|14|06|23|12|04|15|21|03|22|19|
379|21|07|14|17|16|13|04|22|05|03|12|25|18|11|10|
380|08|07|14|09|25|06|23|10|04|17|18|22|03|11|02|
381|03|07|13|19|25|15|06|12|17|04|10|22|21|09|01|
382|10|15|11|03|24|08|12|02|04|14|22|21|07|09|16|
383|24|22|11|16|15|07|09|23|18|06|05|14|25|12|03|
384|17|19|13|22|07|11|25|04|01|15|18|03|21|10|20|
385|04|05|08|12|20|23|25|06|13|15|18|01|24|22|02|
386|23|15|11|21|19|03|07|06|09|01|18|20|25|02|04|
387|23|12|11|14|19|15|21|09|04|22|08|02|20|03|10|
388|01|07|21|15|16|09|11|06|10|20|05|17|03|18|02|
389|19|23|02|12|03|09|24|04|17|05|10|25|13|06|18|
390|12|25|21|05|07|22|19|02|20|13|14|10|11|15|24|
391|21|18|25|16|06|15|04|23|13|12|03|01|09|22|08|
392|01|23|02|18|20|03|17|21|11|25|15|10|04|14|12|
393|04|08|23|17|03|21|22|20|18|01|25|06|07|10|11|
394|06|14|12|13|02|22|16|20|18|07|24|21|08|23|05|
395|02|08|11|25|22|01|04|09|13|14|15|23|21|17|06|
396|03|02|09|01|05|10|15|13|22|07|06|24|20|18|11|
397|15|02|25|20|06|04|10|01|03|05|09|13|14|08|22|
398|13|22|10|03|09|16|12|20|05|07|18|04|21|02|08|
399|10|22|12|11|14|24|21|19|09|17|23|01|07|04|16|
400|12|20|23|24|15|01|09|22|10|19|17|14|16|21|05|
401|08|07|25|17|23|10|06|24|21|05|02|03|14|16|01|
402|09|06|21|22|20|01|11|07|08|23|02|04|25|24|16|
403|25|21|08|14|24|13|02|09|07|04|12|15|06|11|19|
404|21|08|14|01|06|13|20|11|18|16|24|25|22|05|10|
405|18|16|25|05|07|24|06|11|08|04|19|22|14|13|12|
406|16|09|05|01|02|08|24|04|22|21|11|07|10|17|23|
407|12|14|11|17|22|20|25|04|08|15|06|16|09|07|02|
408|20|01|14|12|18|03|21|22|11|04|02|10|15|23|19|
409|24|06|14|20|08|07|23|25|04|02|10|16|21|01|17|
410|05|17|01|04|08|15|19|18|07|10|25|09|14|13|11|
411|18|17|01|05|14|25|07|16|12|24|20|11|22|21|09|
412|18|20|21|12|04|11|03|22|19|17|25|10|09|08|16|
413|08|16|20|21|14|03|10|25|13|17|06|12|02|05|09|
414|03|16|19|15|06|05|20|11|18|25|21|10|08|02|09|
415|07|03|15|01|22|18|19|23|10|11|20|13|14|21|17|
416|13|20|06|19|23|25|15|05|18|22|24|01|02|07|16|
417|21|08|17|12|01|23|14|13|02|09|03|11|19|16|15|
418|05|19|20|22|11|09|14|08|10|12|24|25|13|18|23|
419|23|03|17|21|16|14|18|05|04|22|20|15|24|07|06|
420|22|11|03|19|09|05|04|24|10|25|12|18|08|07|06|
421|25|10|14|04|05|15|09|03|13|20|16|08|19|23|12|
422|25|07|22|03|08|18|14|17|01|23|04|12|13|06|02|
423|17|16|24|20|25|01|13|02|23|18|11|15|05|03|22|
424|06|11|13|24|10|01|15|18|25|16|09|03|17|14|19|
425|16|01|19|22|23|07|10|20|11|12|13|18|09|15|24|
426|06|15|16|24|19|11|25|03|05|10|04|18|02|22|08|
427|04|09|07|24|03|11|16|01|10|21|06|22|19|05|12|
428|13|17|04|14|01|20|18|24|23|11|22|15|19|03|21|
429|16|07|23|03|05|13|02|12|25|14|19|04|06|17|08|
430|05|14|02|20|15|07|25|13|22|06|04|23|09|11|03|
431|24|03|18|05|12|21|13|09|15|20|22|11|01|23|02|
432|10|15|13|06|21|12|02|17|07|20|03|23|04|19|24|
433|14|15|19|07|09|08|24|21|23|03|01|05|02|25|22|
434|21|12|03|15|17|11|13|16|04|09|23|06|25|24|18|
435|14|16|25|11|24|15|01|10|17|21|18|05|04|13|03|
436|20|03|15|25|07|23|04|06|21|19|13|10|14|18|22|
437|12|20|05|21|01|08|19|04|11|23|06|17|10|16|02|
438|21|18|07|23|13|08|09|01|15|17|11|24|22|25|04|
439|09|25|02|21|10|03|11|05|14|24|23|17|19|12|15|
440|12|01|14|19|03|13|15|21|05|22|25|24|16|08|09|
441|11|25|13|02|20|01|09|07|10|14|04|08|03|23|24|
442|22|06|12|23|08|05|18|25|14|15|17|24|09|13|07|
443|23|05|12|07|18|03|16|10|17|11|19|22|21|01|02|
444|02|07|22|18|19|20|25|03|21|01|15|06|10|14|24|
445|01|15|10|02|04|12|07|20|18|21|13|16|09|11|19|
446|01|08|04|15|06|11|14|16|24|05|19|21|10|23|02|
447|18|16|25|21|24|08|22|17|05|12|01|02|19|10|20|
448|10|17|20|05|12|23|01|06|15|13|24|03|14|09|11|
449|17|01|10|03|04|08|19|18|11|02|22|24|09|25|16|
450|24|22|11|14|05|09|16|07|04|21|23|18|17|25|06|
451|18|05|14|09|24|23|08|19|15|06|01|22|17|03|25|
452|18|14|20|09|17|24|12|19|25|10|11|01|06|08|07|
453|03|24|14|04|01|19|09|02|06|25|15|11|20|21|17|
454|12|06|04|24|20|17|22|19|25|03|13|11|15|07|14|
455|07|12|18|21|19|11|01|06|04|03|23|14|05|08|25|
456|23|12|14|04|11|24|25|09|13|17|03|10|01|18|21|
457|15|19|25|04|21|13|23|22|14|16|11|18|05|01|20|
458|22|06|13|09|04|20|03|15|08|05|02|07|18|16|11|
459|11|17|10|19|23|02|14|15|01|20|04|21|03|07|12|
460|04|09|10|01|19|15|23|11|22|17|16|12|14|06|03|
461|11|19|04|24|06|12|23|08|15|17|05|07|14|13|03|
462|18|03|07|23|17|24|21|01|08|14|05|22|16|02|12|
463|22|19|02|09|18|23|25|20|11|03|06|13|07|17|14|
464|05|25|17|02|08|21|01|23|22|16|24|19|20|10|11|
465|07|10|01|22|09|18|06|25|11|03|21|02|19|13|04|
466|06|12|17|08|20|14|10|19|25|02|22|11|07|18|21|
467|07|10|02|13|25|04|22|15|21|24|14|06|18|17|05|
468|15|09|18|17|05|13|02|06|10|21|25|03|24|22|12|
469|06|25|05|23|13|14|19|02|22|18|11|10|07|01|08|
470|20|06|07|18|22|23|13|05|15|04|01|08|03|11|10|
471|04|25|20|12|24|16|13|15|11|06|09|03|10|14|02|
472|13|06|11|02|12|01|14|07|20|08|04|17|18|15|05|
473|08|25|05|07|15|01|06|17|23|09|11|22|12|19|02|
474|03|11|10|23|16|17|21|15|12|02|05|09|01|18|24|
475|04|09|02|20|23|03|21|11|06|05|14|13|25|10|17|
476|06|01|13|05|10|07|24|17|09|19|16|15|14|25|11|
477|08|16|07|14|04|24|02|20|06|23|18|11|25|12|10|
478|11|02|22|09|10|13|24|23|07|12|05|16|25|03|18|
479|18|15|13|23|24|03|05|22|19|02|11|08|16|14|25|
480|22|07|06|24|11|08|09|12|04|25|19|18|05|17|15|
481|05|13|17|15|24|22|21|12|10|03|14|09|01|07|20|
482|25|17|15|02|21|08|10|09|22|12|06|23|07|19|16|
483|22|05|01|07|21|06|24|17|18|04|09|14|11|12|23|
484|08|04|16|20|23|14|06|13|01|11|09|17|21|10|25|
485|25|17|22|07|06|18|24|20|03|21|16|02|11|05|04|
486|04|15|13|20|19|02|22|09|07|05|11|03|18|01|21|
487|08|07|05|17|06|24|15|14|18|21|04|09|10|22|19|
488|08|07|05|13|24|14|06|20|17|15|25|22|18|12|11|
489|23|12|17|10|11|01|05|21|18|22|25|02|14|07|19|
490|10|21|12|23|17|05|13|16|14|08|22|06|18|03|11|
491|01|23|13|02|16|11|03|07|25|24|09|21|22|12|20|
492|15|03|11|01|12|08|24|06|02|04|14|21|19|25|18|
493|22|13|25|15|17|12|01|05|14|18|07|04|21|10|08|
494|12|04|07|03|20|13|05|18|08|19|16|15|21|22|02|
495|01|09|24|03|07|06|13|11|08|25|17|22|04|15|19|
496|19|11|21|22|17|14|05|16|07|09|24|13|15|04|03|
497|02|16|04|05|25|17|11|09|03|08|12|14|01|23|19|
498|11|14|20|05|16|02|23|13|22|04|15|01|06|25|18|
499|19|07|03|02|25|12|24|10|01|11|20|15|17|04|21|
500|25|16|02|05|13|21|23|08|18|06|14|03|10|20|09|
501|18|03|25|17|21|23|02|12|19|04|15|09|24|06|01|
502|23|02|10|05|19|13|04|03|16|01|06|08|24|11|18|
503|01|02|14|12|03|17|05|07|20|25|11|15|21|24|04|
504|16|15|20|10|17|13|18|14|09|21|12|19|01|23|06|
505|03|06|19|24|16|21|17|15|22|07|18|11|20|04|09|
506|21|20|19|04|11|09|15|12|06|16|24|17|22|05|13|
507|08|24|09|11|03|20|21|01|06|10|23|05|02|12|25|
508|14|15|19|08|05|02|07|09|03|25|06|16|24|18|23|
509|20|11|17|01|03|24|15|09|25|05|12|06|19|16|22|
510|23|03|21|04|20|07|06|13|25|01|22|10|11|12|02|
511|24|13|11|17|25|05|12|19|01|21|18|14|10|07|02|
512|09|02|12|15|16|05|24|06|21|07|01|04|10|08|13|
513|15|20|18|17|22|02|23|03|01|09|10|13|25|11|06|
514|01|07|24|25|08|11|22|17|09|12|15|05|06|18|21|
515|11|18|14|05|03|17|07|20|25|09|10|02|13|24|12|
516|08|07|23|11|21|04|20|06|18|05|14|24|12|02|13|
517|09|21|07|23|12|17|11|03|13|22|08|01|04|06|05|
518|19|13|11|20|14|17|24|10|05|16|12|06|04|07|22|
519|23|09|17|19|24|16|03|12|15|11|07|25|13|02|21|
520|15|12|24|10|14|04|18|06|05|22|20|09|02|23|19|
521|19|09|05|17|12|11|02|10|06|23|04|20|13|01|03|
522|16|25|11|06|19|22|23|04|02|21|07|09|17|18|24|
523|02|19|11|13|04|08|16|25|24|17|12|05|09|10|18|
524|03|11|07|22|05|02|17|23|20|24|12|06|14|10|21|
525|04|09|03|25|15|21|17|16|20|22|18|06|10|13|11|
526|04|08|24|12|07|10|01|15|02|25|09|11|16|19|14|
527|11|05|14|02|06|09|22|23|12|19|15|24|01|16|17|
528|06|23|10|04|12|15|07|24|11|25|02|19|03|21|08|
529|23|16|25|07|19|05|18|03|20|17|22|11|06|02|12|
530|11|16|10|03|08|23|14|09|18|04|07|06|12|21|22|
531|14|03|12|21|01|15|23|25|22|07|16|17|10|13|02|
532|24|07|02|09|15|06|16|05|19|12|01|11|22|04|13|
533|20|10|08|24|25|18|13|16|09|01|11|17|02|03|14|
534|03|24|02|22|05|18|07|01|19|08|12|21|11|13|15|
535|01|25|13|04|05|24|23|11|15|19|21|16|09|06|17|
536|03|19|16|04|20|11|17|09|15|22|23|05|25|24|07|
537|10|18|06|24|11|17|22|23|15|04|02|09|14|01|20|
538|12|16|06|18|10|24|19|20|13|17|11|25|21|05|02|
539|12|04|05|16|06|14|02|13|08|01|21|09|15|23|19|
540|13|11|12|07|18|16|09|22|15|24|19|20|02|06|08|
541|09|03|20|17|19|10|22|06|04|13|25|14|05|24|15|
542|18|13|08|02|04|17|22|10|24|05|09|16|01|03|20|
543|07|20|15|01|13|17|25|24|14|16|22|11|08|10|05|
544|18|19|09|21|05|08|07|04|02|14|15|13|11|24|23|
545|18|24|01|23|13|12|11|05|25|07|06|14|15|17|03|
546|05|17|10|04|09|13|03|19|18|12|21|08|11|02|23|
547|25|14|09|10|06|05|17|20|04|01|02|12|24|19|16|
548|20|23|06|13|09|14|03|04|01|02|07|25|05|08|17|
549|22|10|20|14|13|09|07|03|04|15|17|16|21|23|11|
550|16|22|14|13|11|01|09|21|17|06|10|05|18|20|07|
551|10|12|20|19|13|18|24|16|21|14|08|22|03|07|17|
552|01|24|22|04|08|13|17|20|06|10|25|12|03|05|23|
553|10|23|21|07|14|15|17|08|12|04|05|24|13|18|09|
554|13|03|22|04|25|20|19|06|09|24|21|17|02|14|01|
555|07|24|16|01|02|17|14|08|10|20|12|06|09|23|18|
556|08|11|18|20|25|01|04|09|22|23|14|13|16|17|24|
557|07|18|12|09|08|21|14|05|17|15|23|10|20|19|01|
558|14|07|25|05|24|04|20|17|21|03|18|22|12|10|01|
559|19|14|16|01|07|11|05|10|21|23|02|20|22|13|09|
560|01|04|18|21|23|25|12|24|10|19|09|20|02|14|17|
561|07|12|15|06|02|03|17|09|11|21|10|20|04|13|18|
562|03|22|16|08|13|14|24|05|18|21|20|01|07|19|02|
563|06|20|12|03|01|04|23|05|09|19|07|22|16|24|11|
564|09|19|03|14|24|12|15|21|17|23|07|04|01|20|02|
565|24|06|07|12|21|01|09|17|18|04|20|15|19|10|23|
566|05|20|16|04|01|09|07|17|03|14|15|21|11|19|10|
567|01|14|10|05|15|09|25|12|13|02|07|17|24|21|08|
568|15|16|04|09|13|06|01|20|05|18|17|07|08|21|02|
569|19|25|07|06|18|17|12|16|13|01|02|08|22|24|20|
570|20|10|18|21|14|05|02|01|15|12|22|23|04|19|03|
571|25|03|11|15|05|24|12|06|19|04|20|18|07|16|21|
572|21|05|15|13|16|09|22|10|19|14|06|17|08|02|24|
573|11|24|22|02|20|10|14|01|07|03|12|23|18|25|16|
574|06|19|20|16|18|25|14|12|22|01|21|11|13|23|05|
575|15|21|03|16|13|05|08|24|09|22|19|12|17|10|18|
576|15|21|25|06|12|10|08|13|18|16|19|17|09|23|11|
577|08|16|15|04|03|02|22|10|19|01|23|05|21|18|12|
578|10|08|21|19|22|06|16|04|23|07|15|12|01|14|13|
579|06|07|14|24|17|20|19|13|10|01|08|21|03|05|12|
580|06|21|13|12|08|07|16|10|09|25|01|04|17|14|24|
581|11|19|04|09|18|23|13|21|02|25|14|06|12|17|15|
582|12|08|18|17|25|23|03|10|07|19|21|09|15|13|11|
583|11|04|07|17|14|19|18|01|09|23|03|16|21|24|08|
584|07|21|23|14|06|10|02|05|11|19|22|20|08|03|15|
585|01|08|13|17|14|15|20|16|18|24|09|23|07|05|10|
586|25|07|12|04|24|18|11|17|06|03|19|22|08|16|02|
587|01|05|13|21|20|19|07|18|23|11|17|10|09|04|12|
588|25|17|04|14|05|11|18|19|23|12|24|01|07|13|20|
589|04|25|21|23|13|06|12|09|10|03|02|24|08|22|20|
590|09|20|15|06|16|19|11|03|01|13|10|21|04|18|14|
591|20|07|02|16|14|11|08|21|17|19|01|10|23|04|15|
592|19|16|18|22|20|05|08|17|01|09|03|14|15|06|10|
593|23|24|15|14|06|10|11|25|13|03|04|05|01|09|20|
594|11|02|23|18|25|20|07|14|13|16|09|06|15|03|10|
595|06|08|07|21|17|19|25|10|24|15|12|11|05|01|09|
596|11|19|08|10|25|22|20|12|17|07|23|09|03|18|02|
597|05|01|14|16|08|03|17|10|25|02|18|09|11|22|24|
598|05|14|03|19|01|07|12|18|22|25|11|21|15|04|20|
599|12|05|24|16|09|20|02|23|21|13|06|18|07|22|04|
600|09|11|25|17|16|18|10|19|05|06|08|22|01|23|03|
601|12|09|13|10|25|16|14|03|20|01|07|19|11|05|06|
602|09|18|25|12|05|07|10|01|08|06|11|02|23|22|13|
603|08|06|23|13|22|12|19|20|02|15|04|21|16|05|10|
604|15|01|07|25|09|12|13|18|14|02|24|22|06|19|20|
605|05|21|25|02|18|04|14|23|07|11|03|13|16|17|10|
606|03|25|14|16|06|02|18|08|22|12|24|10|07|23|15|
607|20|19|16|17|25|09|22|24|12|21|15|03|18|05|07|
608|19|13|10|18|25|23|01|14|08|03|16|07|05|02|17|
609|23|14|19|04|11|01|07|16|20|12|09|02|25|15|10|
610|10|22|02|16|13|01|25|21|14|07|15|04|06|08|12|
611|13|06|18|04|16|08|02|03|14|09|23|05|21|19|20|
612|09|23|02|15|03|10|25|07|18|01|19|06|17|13|16|
613|02|10|05|13|07|22|06|25|20|23|16|12|11|14|17|
614|16|01|18|06|22|05|12|09|07|11|20|19|17|23|13|
615|19|07|11|17|01|08|02|23|04|20|24|22|25|21|12|
616|09|06|16|15|01|22|02|25|21|18|10|17|24|12|19|
617|14|03|19|22|24|21|04|02|15|05|25|10|16|07|01|
618|02|22|04|12|09|01|20|07|19|06|05|21|24|17|13|
619|19|21|08|17|14|03|01|07|18|09|13|20|25|04|23|
620|10|16|18|21|14|07|06|12|20|01|05|11|15|22|19|
621|03|02|09|25|16|22|05|10|24|08|12|20|15|06|01|
622|03|13|17|05|07|11|10|15|06|09|02|04|21|18|12|
623|02|11|05|15|08|03|20|10|01|04|09|23|25|12|22|
624|24|18|05|07|04|21|02|20|12|11|17|01|09|06|16|
625|03|14|23|16|24|13|06|15|11|02|10|08|17|22|01|
626|09|02|11|07|24|08|19|05|17|13|01|03|23|21|04|
627|23|25|06|10|02|17|01|14|15|03|21|04|22|12|24|
628|19|10|13|07|08|18|02|25|09|04|22|15|03|11|23|
629|07|21|12|17|25|01|02|14|09|19|06|05|15|22|04|
630|06|22|20|13|02|17|18|07|24|12|01|14|25|04|23|
631|16|02|10|17|09|03|13|18|14|20|07|21|19|08|05|
632|24|10|13|06|16|25|11|21|08|22|17|14|01|20|04|
633|22|02|08|07|12|23|20|24|06|03|25|09|21|10|18|
634|21|09|15|20|05|22|03|19|12|04|10|18|02|11|14|
635|01|04|11|19|05|08|18|09|24|07|13|06|20|22|12|
636|03|01|04|13|06|21|19|20|25|12|10|16|23|14|02|
637|18|02|09|07|25|19|22|13|06|04|20|23|16|17|21|
638|02|03|18|04|21|24|14|13|19|09|11|01|16|23|25|
639|21|22|12|04|10|08|06|19|02|16|09|20|01|05|24|
640|01|16|09|21|14|03|18|04|22|05|23|20|11|19|13|
641|11|02|18|19|24|16|09|21|22|06|13|03|07|08|20|
642|18|13|08|10|12|25|02|05|21|20|01|04|11|19|22|
643|24|10|19|08|16|13|02|09|17|07|21|22|04|23|01|
644|12|09|06|21|07|05|18|24|08|13|15|14|03|02|22|
645|25|19|23|21|04|11|16|20|09|22|10|08|13|18|05|
646|01|17|23|06|25|15|05|03|09|21|18|19|14|10|20|
647|19|09|14|20|22|18|06|23|04|08|11|07|17|13|25|
648|20|08|09|22|13|19|02|21|06|10|15|16|04|11|18|
649|01|14|02|11|17|24|09|08|06|21|15|04|05|10|22|
650|16|19|24|01|25|14|13|23|08|03|20|10|21|17|07|
651|13|05|15|10|14|25|18|06|04|20|01|24|08|17|19|
652|17|07|02|21|20|13|19|05|09|16|11|14|10|23|18|
653|16|03|20|01|19|17|22|13|12|23|14|21|07|08|02|
654|25|20|12|13|16|03|07|19|22|17|14|01|02|18|23|
655|20|13|21|19|11|25|05|14|08|02|15|07|24|10|23|
656|03|18|08|14|15|05|22|09|20|07|25|11|23|02|13|
657|13|25|19|17|08|23|05|15|02|10|04|06|24|12|03|
658|06|04|17|07|23|24|14|25|09|21|11|15|01|05|10|
659|23|03|08|12|10|24|06|09|20|01|15|11|04|05|19|
660|17|05|15|16|04|09|03|07|06|12|19|24|14|08|25|
661|01|07|20|22|03|15|24|06|23|17|10|19|18|11|12|
662|07|14|13|02|08|15|01|09|06|03|19|16|22|11|20|
663|13|04|21|19|02|06|24|17|09|16|22|05|23|11|07|
664|18|15|01|23|24|20|07|21|13|03|10|16|04|17|14|
665|21|03|13|02|17|07|15|22|24|14|20|06|18|12|25|
666|12|24|11|06|07|14|04|16|01|25|02|18|15|20|21|
667|13|15|10|04|17|25|08|06|24|03|20|19|21|18|05|
668|11|25|15|01|13|09|20|24|23|10|17|07|12|16|02|
669|15|16|25|19|02|23|04|05|22|06|18|17|12|13|24|
670|01|18|21|20|14|07|25|10|22|15|08|12|23|17|13|
671|10|09|18|20|08|13|05|19|12|11|07|04|14|22|24|
672|11|21|24|19|04|10|15|01|09|02|06|17|23|12|25|
673|02|17|04|15|10|13|11|09|12|14|20|08|05|19|07|
674|10|03|14|11|23|02|16|22|20|24|18|19|25|15|08|
675|13|07|05|02|11|22|23|15|04|17|24|14|03|10|16|
676|25|15|19|24|06|12|21|16|05|08|13|04|10|02|20|
677|16|12|02|19|25|10|06|01|13|07|05|08|15|23|11|
678|23|02|19|18|03|15|20|12|09|05|21|07|10|25|24|
679|22|11|10|17|15|14|20|02|21|13|19|08|12|07|18|
680|03|06|08|09|19|13|21|04|18|12|20|07|22|16|14|
681|04|18|06|14|15|16|23|11|19|02|08|07|03|10|12|
682|04|18|22|24|19|25|14|02|01|17|05|11|08|07|06|
683|08|15|06|12|09|05|01|04|13|23|10|24|02|07|11|
684|04|08|22|25|01|13|24|20|14|21|11|12|05|10|16|
685|20|22|01|25|15|04|12|23|03|21|09|19|13|17|24|
686|20|01|06|12|03|24|16|04|13|19|07|10|22|25|23|
687|18|19|13|20|23|01|06|03|24|15|12|25|04|02|09|
688|21|23|07|01|04|14|03|19|02|24|09|12|22|16|11|
689|11|23|13|08|17|07|04|24|02|03|12|05|15|22|06|
690|03|15|24|12|20|01|10|14|25|13|09|02|18|19|11|
691|22|01|20|06|07|17|09|08|23|03|18|11|19|13|02|
692|04|22|17|12|10|11|24|23|18|02|06|19|01|07|21|
693|06|14|17|07|01|04|02|11|09|22|19|03|10|16|21|
694|03|16|15|11|10|06|21|08|14|01|09|24|19|18|20|
695|24|22|13|03|05|21|17|18|19|20|04|11|02|25|14|
696|05|20|15|04|09|07|22|13|24|16|11|21|01|10|14|
697|03|07|24|19|08|01|11|23|22|14|16|15|02|25|18|
698|04|06|12|22|07|21|20|09|15|03|14|24|10|18|02|
699|22|18|03|08|04|21|19|06|02|25|23|10|09|16|15|
700|10|21|25|01|22|18|13|02|16|06|07|14|08|19|09|
701|17|04|20|21|16|10|19|13|12|03|22|23|25|14|08|
702|04|14|25|08|23|05|13|03|01|10|02|07|20|06|09|
703|08|24|15|23|02|18|11|21|25|20|17|14|22|05|10|
704|15|17|08|16|11|24|14|22|05|23|02|13|06|03|10|
705|15|21|22|20|12|09|06|14|11|25|07|08|16|03|04|
706|22|18|21|16|08|01|25|12|19|24|03|13|06|02|04|
707|25|08|11|20|16|07|03|24|17|12|21|15|14|04|06|
708|01|19|14|06|02|16|21|03|24|05|11|25|04|09|22|
709|06|08|20|12|11|07|14|18|03|01|22|15|16|19|23|
710|19|03|17|14|20|25|21|06|04|18|15|12|24|02|22|
711|02|12|18|21|06|04|01|24|10|22|16|05|15|07|13|
712|09|04|20|18|17|16|08|15|22|21|23|12|01|25|14|
713|23|11|22|06|02|13|15|21|25|05|14|03|19|04|24|
714|13|17|07|19|06|10|21|12|15|14|04|11|08|09|22|
715|08|15|24|05|20|18|03|25|13|11|22|01|23|10|14|
716|21|23|11|18|07|03|12|16|08|20|14|15|25|01|05|
717|05|09|18|21|23|02|01|14|11|08|07|20|16|03|25|
718|22|19|03|14|04|24|09|13|21|11|23|25|07|15|17|
719|18|11|22|24|10|02|15|16|09|23|13|25|08|07|19|
720|04|09|17|16|12|24|07|23|13|18|10|20|11|25|21|
721|05|21|15|14|03|09|12|07|19|10|11|08|04|02|01|
722|07|01|23|19|06|08|05|20|03|14|10|17|24|13|16|
723|03|14|09|08|20|11|04|05|07|15|24|02|12|10|18|
724|07|06|20|12|23|14|18|10|19|01|25|03|24|15|05|
725|05|17|13|01|21|16|15|24|07|06|18|10|09|25|12|
726|10|16|20|25|21|07|13|11|24|02|15|04|09|01|14|
727|25|08|23|03|24|16|11|20|06|21|09|18|22|07|04|
728|13|23|11|07|25|16|06|20|10|19|08|22|21|03|04|
729|10|02|14|12|09|22|06|03|25|15|23|17|01|07|04|
730|22|24|21|19|04|01|20|12|18|16|08|11|03|14|25|
731|04|07|18|08|06|21|24|14|22|17|03|12|15|19|11|
732|25|14|01|11|13|24|20|08|23|09|10|04|22|17|21|
733|08|18|11|14|04|22|01|16|24|20|07|05|12|06|19|
734|24|15|02|03|19|20|23|08|09|21|13|17|06|18|10|
735|08|20|22|05|11|24|13|21|19|14|12|25|17|10|06|
736|04|10|02|17|13|15|21|09|03|23|08|16|06|19|05|
737|03|07|18|04|16|25|05|10|22|02|12|06|17|14|08|
738|25|23|13|06|14|11|16|18|09|07|02|24|19|20|12|
739|11|25|14|02|22|20|08|09|10|17|03|21|04|23|24|
740|10|21|11|13|24|09|05|22|04|01|19|12|25|14|23|
741|18|03|14|12|24|05|21|11|02|07|17|13|10|25|16|
742|23|20|01|07|06|05|14|21|08|11|03|15|13|09|19|
743|12|11|03|10|02|24|14|17|01|15|21|06|09|22|23|
744|09|03|04|12|10|13|06|16|11|01|19|23|07|15|24|
745|07|01|17|12|16|24|08|09|03|06|11|20|22|25|13|
746|16|18|09|08|25|17|10|24|02|20|21|19|04|03|05|
747|24|04|10|23|12|15|07|20|02|13|06|16|17|01|03|
748|04|18|23|17|09|15|05|06|10|12|21|20|08|03|01|
749|24|02|07|08|18|11|06|22|14|13|01|04|19|15|03|
750|09|03|02|20|25|04|13|07|10|19|05|21|11|15|24|
751|14|17|20|23|13|12|06|03|09|16|22|05|08|19|21|
752|13|06|24|21|19|14|16|08|12|01|25|04|18|07|05|
753|07|03|11|01|22|08|05|13|21|14|06|04|17|25|20|
754|01|19|05|16|04|20|15|18|24|07|23|22|17|13|25|
755|14|24|03|05|25|11|17|02|07|08|13|01|10|16|12|
756|15|17|03|20|14|13|08|25|05|06|10|16|22|07|23|
757|04|10|11|01|21|20|09|14|17|18|03|23|08|13|15|
758|15|18|24|04|05|06|17|16|11|02|20|12|01|25|23|
759|20|23|08|16|25|07|05|17|15|18|24|19|02|09|10|
760|11|24|02|15|09|25|03|12|13|10|07|01|23|16|17|
761|15|11|04|06|01|19|16|13|20|14|12|24|05|10|22|
762|07|11|21|13|22|02|01|10|17|03|09|12|05|06|14|
763|18|16|21|01|14|25|13|03|06|07|24|04|02|17|22|
764|25|04|01|08|23|17|19|03|24|09|11|14|06|16|12|
765|14|23|13|25|12|01|02|18|03|09|20|10|07|24|08|
766|24|25|12|09|21|15|07|05|16|03|06|14|13|01|18|
767|01|11|15|12|05|08|22|24|17|19|23|04|03|07|10|
768|11|03|23|19|25|15|06|12|17|20|14|24|05|01|13|
769|05|11|04|23|22|16|15|25|07|13|17|10|03|19|20|
770|17|12|04|24|01|03|18|06|25|11|22|16|05|09|21|
771|20|07|22|25|02|04|06|09|05|23|08|14|17|10|16|
772|16|02|12|20|07|06|09|25|15|08|11|24|10|04|23|
773|06|18|20|15|08|17|07|10|02|25|22|11|13|24|05|
774|19|11|14|06|01|15|18|12|03|08|22|09|04|05|25|
775|06|17|12|02|18|10|20|03|16|13|19|08|07|14|09|
776|10|24|22|14|02|18|13|04|23|12|01|11|20|03|19|
777|21|15|09|25|02|11|14|12|24|03|06|13|20|23|16|
778|11|15|20|10|06|09|07|19|24|02|13|25|16|05|22|
779|16|20|19|21|14|23|05|13|08|09|22|12|04|17|11|
780|21|20|15|08|13|17|16|03|19|24|06|07|18|25|10|
781|11|01|02|22|10|25|09|15|04|19|16|08|14|20|17|
782|18|13|05|14|20|12|10|17|21|15|19|16|11|09|08|
783|20|16|01|08|19|07|02|05|06|13|24|15|22|11|21|
784|01|12|02|20|23|13|15|04|21|11|03|07|22|18|25|
785|12|11|13|01|17|10|23|15|06|07|04|19|16|21|02|
786|21|15|23|24|05|11|08|25|06|10|17|02|04|13|12|
787|08|04|10|12|16|01|05|14|09|20|17|19|13|11|23|
788|03|12|04|11|24|09|01|22|16|21|25|19|23|08|10|
789|18|12|15|03|22|14|08|19|11|02|24|10|21|04|16|
790|08|03|07|12|16|10|19|23|18|20|22|13|25|24|06|
791|11|08|01|07|02|23|14|22|03|10|21|25|06|13|05|
792|20|12|25|14|08|19|21|09|02|03|01|23|06|10|18|
793|17|05|20|16|14|23|11|21|02|12|09|04|25|07|18|
794|02|15|14|09|03|23|05|24|04|08|20|01|25|06|11|
795|09|10|01|03|07|12|08|24|21|14|04|06|02|16|22|
796|18|24|11|14|06|21|08|04|10|20|02|16|07|17|03|
797|08|07|24|19|02|20|21|11|17|18|03|15|05|25|06|
798|16|18|13|24|19|23|22|10|06|08|01|05|11|03|15|
