1|25|45|60|76|79|
2|13|30|58|63|64|
3|05|15|32|33|48|
4|27|57|60|61|77|
5|19|44|53|54|71|
6|04|45|54|65|67|
7|09|21|37|42|68|
8|05|16|26|28|62|
9|04|15|44|64|73|
10|20|32|49|54|62|
11|17|33|52|60|76|
12|01|28|56|65|79|
13|13|33|38|39|72|
14|44|52|60|64|68|
15|02|25|54|63|66|
16|11|24|63|64|69|
17|01|14|26|34|72|
18|06|29|40|63|72|
19|12|21|42|60|66|
20|13|16|31|39|70|
21|05|15|38|48|77|
22|07|09|11|25|75|
23|01|15|63|72|77|
24|09|44|57|67|68|
25|02|29|46|69|76|
26|10|15|22|55|79|
27|05|36|39|70|78|
28|08|26|28|29|30|
29|20|23|31|35|76|
30|12|13|14|56|60|
31|43|51|54|69|73|
32|09|23|31|60|80|
33|21|31|44|65|74|
34|17|45|64|67|69|
35|44|52|54|56|60|
36|42|56|62|65|79|
37|09|26|31|36|65|
38|11|12|57|59|69|
39|05|07|21|28|70|
40|02|18|31|38|49|
41|05|14|31|41|49|
42|15|33|39|76|78|
43|05|18|21|41|71|
44|02|07|57|59|76|
45|02|03|27|64|65|
46|30|49|72|78|80|
47|10|18|22|31|73|
48|20|39|72|73|76|
49|10|19|39|52|66|
50|04|10|15|42|45|
51|02|20|26|42|79|
52|06|39|41|61|64|
53|40|42|48|64|69|
54|13|21|32|33|66|
55|12|14|60|66|68|
56|05|18|24|43|48|
57|31|49|52|63|71|
58|34|41|50|67|77|
59|20|35|37|42|71|
60|19|25|32|68|71|
61|27|54|63|71|77|
62|03|12|24|36|40|
63|11|40|50|74|78|
64|25|43|52|59|75|
65|03|25|60|62|75|
66|66|73|75|76|79|
67|05|23|36|67|70|
68|07|52|68|69|76|
69|16|61|65|72|78|
70|05|25|52|57|62|
71|27|55|66|73|75|
72|12|23|39|54|72|
73|06|17|49|65|70|
74|41|47|49|70|74|
75|04|27|46|53|55|
76|03|23|58|62|74|
77|06|09|27|43|65|
78|02|19|50|59|69|
79|04|18|55|57|74|
80|35|42|55|60|78|
81|13|31|45|56|63|
82|13|34|55|64|80|
83|17|20|30|33|68|
84|01|08|13|53|61|
85|03|20|27|32|61|
86|13|49|57|67|78|
87|18|29|37|51|57|
88|11|25|49|51|53|
89|02|32|40|53|54|
90|08|16|32|74|79|
91|07|30|33|52|69|
92|11|25|29|42|66|
93|04|06|27|68|74|
94|01|19|59|65|80|
95|06|43|50|63|71|
96|04|50|51|52|77|
97|05|06|16|54|70|
98|04|16|17|35|49|
99|02|09|17|66|76|
100|33|36|56|58|60|
101|12|27|28|30|36|
102|05|23|50|65|67|
103|12|16|53|64|66|
104|20|30|36|48|53|
105|03|07|45|46|65|
106|20|21|43|45|67|
107|02|03|30|39|72|
108|01|19|50|52|54|
109|01|21|27|48|78|
110|01|19|27|36|57|
111|15|42|54|68|76|
112|31|41|75|76|79|
113|12|14|42|61|69|
114|10|20|44|58|65|
115|02|21|38|54|73|
116|16|20|34|56|57|
117|07|11|24|42|49|
118|14|23|26|56|77|
119|02|16|19|26|27|
120|07|39|48|58|62|
121|19|22|53|69|77|
122|02|08|12|53|54|
123|08|20|64|68|73|
124|10|11|12|23|37|
125|10|13|22|50|66|
126|04|12|63|78|80|
127|14|18|59|60|64|
128|17|24|47|49|66|
129|05|09|12|23|71|
130|18|34|38|40|43|
131|13|32|56|73|74|
132|19|25|63|74|77|
133|13|18|43|47|53|
134|10|28|60|62|74|
135|02|53|57|62|64|
136|09|19|24|59|61|
137|13|14|37|66|75|
138|13|23|37|56|80|
139|14|52|54|65|77|
140|32|43|50|57|75|
141|06|51|53|54|57|
142|15|21|56|79|80|
143|14|27|39|48|61|
144|16|24|42|71|75|
145|02|08|40|55|60|
146|12|18|21|31|69|
147|01|18|52|67|72|
148|32|33|43|46|52|
149|08|16|18|22|73|
150|12|24|26|39|40|
151|22|23|42|54|65|
152|05|14|31|38|75|
153|02|10|11|15|66|
154|67|64|09|05|41|
155|12|30|48|70|75|
156|07|12|29|54|55|
157|42|50|52|66|72|
158|02|27|35|44|55|
159|04|11|24|25|32|
160|08|25|42|60|63|
161|13|29|41|61|74|
162|20|25|57|67|78|
163|09|14|16|52|71|
164|07|09|19|45|80|
165|12|21|27|45|75|
166|02|31|41|43|44|
167|20|33|62|63|69|
168|15|26|30|44|69|
169|03|15|30|56|72|
170|18|22|27|74|75|
171|12|18|37|47|56|
172|37|38|57|67|79|
173|22|29|34|42|51|
174|11|16|23|44|48|
175|29|60|64|72|79|
176|01|27|29|36|73|
177|09|33|48|67|73|
178|05|14|15|66|68|
179|30|60|65|68|75|
180|01|20|23|25|49|
181|06|21|31|37|64|
182|09|44|46|57|59|
183|20|33|48|69|70|
184|62|22|38|29|58|
185|09|24|28|31|45|
186|06|20|21|46|63|
187|02|43|45|64|68|
188|28|43|56|57|77|
189|01|05|52|53|71|
190|21|29|46|59|76|
191|04|07|19|35|56|
192|16|37|54|68|77|
193|12|13|51|67|73|
194|14|19|32|37|45|
195|08|23|50|65|73|
196|10|27|30|72|78|
197|03|27|30|33|59|
198|06|14|18|71|73|
199|03|31|47|77|79|
200|19|21|64|70|72|
201|07|71|73|76|79|
202|06|37|43|61|62|
203|03|13|17|47|60|
204|07|11|21|51|58|
205|04|09|31|40|58|
206|01|10|36|62|64|
207|05|07|12|16|66|
208|03|24|48|52|71|
209|26|37|61|67|71|
210|10|14|32|53|61|
211|03|11|19|31|39|
212|38|46|50|65|69|
213|05|13|14|34|63|
214|10|19|24|34|72|
215|37|46|49|62|73|
216|31|32|34|54|59|
217|08|41|56|65|74|
218|17|26|31|33|63|
219|03|19|32|59|63|
220|19|35|38|39|78|
221|45|69|72|77|79|
222|03|24|27|58|69|
223|10|21|43|64|68|
224|18|41|58|62|73|
225|16|34|37|42|70|
226|17|24|50|56|66|
227|19|23|32|38|61|
228|12|23|50|52|55|
229|07|60|62|67|74|
230|14|27|41|68|78|
231|03|28|41|58|75|
232|27|34|35|42|62|
233|49|55|56|68|71|
234|27|29|34|64|73|
235|17|27|35|54|76|
236|14|26|51|55|64|
237|14|26|36|37|69|
238|25|27|55|61|69|
239|17|60|67|74|75|
240|30|35|49|51|69|
241|02|16|32|63|67|
242|22|34|36|42|62|
243|02|04|55|60|65|
244|05|08|31|32|41|
245|16|25|27|28|69|
246|22|61|63|66|80|
247|03|05|22|30|60|
248|05|50|56|60|62|
249|09|50|63|67|76|
250|43|51|75|79|80|
251|20|37|46|61|74|
252|08|14|43|65|76|
253|07|21|54|62|77|
254|21|38|52|60|66|
255|11|46|55|75|78|
256|04|06|18|40|74|
257|24|26|37|48|71|
258|03|35|39|63|69|
259|06|21|22|52|74|
260|16|19|21|23|32|
261|02|10|29|33|54|
262|13|61|65|67|79|
263|32|63|66|76|77|
264|23|25|29|52|55|
265|26|37|39|66|71|
266|21|28|51|65|69|
267|08|27|44|66|75|
268|39|51|57|75|76|
269|07|22|23|50|76|
270|14|21|33|34|45|
271|03|11|24|54|65|
272|03|14|22|32|41|
273|13|15|25|39|44|
274|15|52|55|62|79|
275|13|22|29|68|72|
276|13|17|23|49|71|
277|26|32|38|68|72|
278|51|21|58|10|05|
279|02|20|39|53|60|
280|16|18|46|56|80|
281|23|41|46|53|71|
282|20|48|50|75|76|
283|25|46|52|61|74|
284|09|23|56|64|73|
285|07|13|37|56|64|
286|02|18|64|67|77|
287|61|60|71|28|11|
288|02|13|27|78|80|
289|04|69|70|72|80|
290|05|06|55|70|73|
291|05|34|45|49|58|
292|04|42|67|74|75|
293|04|41|49|55|80|
294|17|20|43|68|74|
295|10|20|29|65|76|
296|01|21|50|55|68|
297|25|52|53|58|78|
298|06|17|31|40|66|
299|11|25|29|52|53|
300|08|19|20|28|34|
301|44|46|53|59|65|
302|07|30|51|52|69|
303|28|48|50|64|71|
304|03|22|42|71|79|
305|06|16|31|36|53|
306|09|28|34|40|42|
307|10|27|29|61|66|
308|13|14|16|21|69|
309|16|26|37|40|62|
310|01|14|49|71|74|
311|29|46|53|63|68|
312|06|29|36|44|68|
313|28|30|54|67|74|
314|07|10|18|57|74|
315|12|19|33|44|67|
316|27|28|50|65|76|
317|02|08|36|45|64|
318|22|26|34|39|40|
319|01|21|33|39|48|
320|03|04|07|14|39|
321|18|21|23|54|74|
322|10|25|33|43|68|
323|32|34|52|68|73|
324|42|56|61|76|79|
325|02|07|09|27|59|
326|05|06|12|50|61|
327|03|10|35|47|59|
328|17|23|52|70|71|
329|07|12|36|39|50|
330|06|07|09|36|45|
331|53|57|62|70|78|
332|24|25|34|50|65|
333|01|03|18|46|64|
334|15|20|23|78|79|
335|09|16|20|34|53|
336|42|54|55|70|74|
337|01|20|40|42|75|
338|03|07|10|23|43|
339|02|03|45|49|60|
340|04|06|35|64|65|
341|27|32|54|57|80|
342|01|09|51|59|74|
343|13|16|18|21|36|
344|04|27|44|61|71|
345|21|22|40|51|74|
346|14|35|53|64|77|
347|16|25|27|33|74|
348|14|22|24|59|72|
349|15|23|25|29|71|
350|06|18|42|56|72|
351|12|36|38|50|53|
352|02|28|51|53|77|
353|01|21|46|56|79|
354|16|37|03|32|50|
355|08|22|48|59|76|
356|18|54|35|50|37|
357|78|03|33|77|44|
358|29|42|11|72|63|
359|51|12|33|60|80|
360|11|49|46|60|71|
361|40|68|80|20|59|
362|69|17|73|50|76|
363|74|60|17|31|51|
364|32|25|62|30|03|
365|31|74|10|61|37|
366|07|59|32|10|54|
367|41|58|61|66|80|
368|46|58|43|11|06|
369|80|51|06|28|32|
370|26|14|75|27|12|
371|30|76|56|38|09|
372|55|12|76|49|01|
373|78|16|36|26|41|
374|56|71|27|45|44|
375|29|16|02|12|14|
376|47|68|01|71|17|
377|76|80|04|19|48|
378|16|05|40|34|73|
379|11|29|36|38|67|
380|48|28|01|07|73|
381|66|53|07|15|45|
382|17|04|62|19|51|
383|02|28|06|04|01|
384|58|50|36|75|55|
385|18|35|63|68|29|
386|44|17|18|25|15|
387|62|26|32|77|45|
388|77|69|17|36|67|
389|69|78|57|25|38|
390|35|30|76|48|19|
391|74|62|20|47|43|
392|56|11|17|48|26|
393|53|71|37|76|17|
394|01|06|70|65|38|
395|31|58|34|36|62|
396|73|37|23|69|21|
397|48|27|75|38|58|
398|11|74|17|12|57|
399|09|38|57|27|48|
400|65|70|59|56|71|
401|01|80|07|39|09|
402|77|66|57|72|38|
403|42|56|44|01|14|
404|67|04|52|08|59|
405|77|05|80|43|19|
406|40|03|77|61|35|
407|57|44|70|16|29|
408|40|14|28|04|05|
409|76|26|74|03|63|
410|47|17|08|07|55|
411|12|65|78|52|09|
412|77|44|66|01|20|
413|24|57|40|62|52|
414|20|02|55|12|47|
415|15|26|51|65|58|
416|52|53|78|47|71|
417|40|25|48|11|73|
418|76|39|34|47|75|
419|23|37|21|50|55|
420|72|46|38|44|80|
421|24|52|76|56|41|
422|62|44|54|64|37|
423|56|75|48|39|17|
424|05|28|31|22|06|
425|48|44|21|28|01|
426|67|13|26|54|05|
427|30|67|15|24|57|
428|80|27|20|05|70|
429|39|41|51|02|73|
430|57|74|79|19|52|
431|35|58|57|50|06|
432|33|27|37|53|60|
433|38|22|53|20|45|
434|30|40|36|39|23|
435|35|65|34|30|20|
436|43|79|38|44|31|
437|49|15|31|52|30|
438|79|48|27|12|46|
439|58|10|64|52|21|
440|79|66|64|70|35|
441|76|60|13|33|75|
442|02|70|52|77|53|
443|67|50|66|70|03|
444|32|60|69|13|53|
445|39|46|38|76|08|
446|23|42|50|61|80|
447|44|14|43|12|16|
448|76|34|12|25|27|
449|34|19|73|54|13|
450|13|49|48|35|53|
451|61|32|48|54|21|
452|54|51|61|60|12|
453|74|18|75|44|66|
454|19|40|30|60|75|
455|49|07|52|73|16|
456|80|47|70|74|18|
457|31|13|49|56|01|
458|73|29|62|21|40|
459|19|49|33|30|08|
460|61|68|67|52|15|
461|09|51|65|48|80|
462|12|50|79|30|44|
463|67|33|53|05|43|
464|18|09|29|69|80|
465|37|78|10|41|47|
466|04|31|18|08|19|
467|60|31|79|35|19|
468|77|49|09|57|06|
469|65|10|59|79|07|
470|45|18|70|30|28|
471|21|18|54|32|38|
472|67|69|24|57|77|
473|57|49|30|56|74|
474|22|77|27|12|28|
475|53|32|03|37|11|
476|16|49|56|12|67|
477|38|04|27|18|47|
478|63|14|08|28|64|
479|15|63|10|17|67|
480|33|31|68|80|48|
481|72|56|45|25|22|
482|26|03|62|38|05|
483|19|55|52|25|20|
484|27|37|56|66|68|
485|03|52|11|56|59|
486|14|53|67|25|32|
487|40|55|70|64|16|
488|63|53|03|56|24|
489|74|41|36|38|01|
490|29|07|17|42|43|
491|10|03|64|21|14|
492|02|43|28|64|44|
493|07|11|47|10|39|
494|65|38|70|27|44|
495|38|25|06|33|23|
496|28|39|09|11|47|
497|29|13|48|06|76|
498|68|20|14|39|03|
499|05|51|73|09|50|
500|71|38|09|18|73|
501|61|63|24|32|51|
502|11|45|35|64|50|
503|23|54|73|02|18|
504|66|79|07|26|03|
505|09|52|75|30|59|
506|16|73|64|29|62|
507|01|68|73|26|64|
508|41|07|53|22|28|
509|15|73|05|25|14|
510|58|72|18|05|04|
511|34|15|07|52|19|
512|66|71|56|06|40|
513|31|15|63|56|27|
514|69|09|01|78|27|
515|33|75|34|06|21|
516|72|47|05|63|54|
517|03|46|60|14|22|
518|22|28|06|71|45|
519|03|76|40|36|52|
520|30|43|04|28|12|
521|72|79|52|26|74|
522|03|01|27|02|65|
523|80|59|09|62|52|
524|03|16|32|05|38|
525|64|72|16|58|38|
526|07|36|57|67|08|
527|25|45|44|02|65|
528|01|79|50|61|09|
529|07|36|26|10|35|
530|24|26|07|28|72|
531|35|56|63|11|77|
532|22|63|25|30|57|
533|47|13|05|63|39|
534|72|43|07|59|53|
535|03|23|74|73|51|
536|03|48|59|09|79|
537|64|53|04|22|49|
538|29|34|66|25|59|
539|78|63|19|75|42|
540|04|08|32|20|15|
541|21|13|06|18|80|
542|40|54|33|25|71|
543|43|19|07|36|74|
544|53|47|40|09|48|
545|20|76|44|06|48|
546|52|32|72|45|01|
547|27|56|30|16|02|
548|20|80|46|49|14|
549|70|33|53|19|50|
550|67|53|51|12|28|
551|57|37|65|35|14|
552|15|56|44|08|16|
553|78|16|27|12|28|
554|80|35|04|09|20|
555|47|30|54|19|55|
556|59|69|15|46|55|
557|48|10|36|77|71|
558|27|61|45|46|75|
559|62|41|06|07|39|
560|58|75|22|17|39|
561|03|25|39|21|17|
562|15|56|58|30|43|
563|80|46|62|76|57|
564|46|42|31|56|07|
565|40|51|37|74|64|
566|21|23|52|29|07|
567|29|03|69|79|65|
568|48|49|15|13|80|
569|76|75|35|49|56|
570|40|20|03|60|57|
571|22|44|45|35|19|
572|05|14|24|25|01|
573|10|31|54|25|32|
574|75|68|12|44|19|
575|16|62|55|03|36|
576|59|45|18|52|28|
577|06|45|17|23|05|
578|07|11|34|74|47|
579|23|05|61|50|47|
580|18|04|27|56|17|
581|30|54|66|21|72|
582|59|16|32|23|11|
583|57|35|39|10|70|
584|20|53|70|18|09|
585|10|37|63|29|07|
586|31|19|42|22|12|
587|59|74|44|05|79|
588|75|49|74|33|06|
589|31|53|20|28|15|
590|47|30|22|18|52|
591|20|48|28|14|43|
592|63|51|10|34|17|
593|14|09|79|41|32|
594|73|14|37|33|08|
595|40|32|08|23|44|
596|61|75|03|17|29|
597|74|41|69|24|33|
598|65|18|13|71|39|
599|51|37|32|22|47|
600|51|16|41|54|34|
601|78|38|52|62|09|
602|42|52|01|22|33|
603|21|33|55|37|25|
604|23|07|46|63|67|
605|37|32|69|44|19|
606|43|02|40|23|66|
607|33|01|46|21|76|
608|38|64|12|79|32|
609|63|76|58|28|49|
610|78|49|25|76|70|
611|04|31|38|47|78|
612|23|63|45|26|22|
613|01|70|79|21|28|
614|16|57|42|22|51|
615|67|11|23|01|53|
616|17|73|58|07|40|
617|50|08|14|10|11|
618|68|64|35|54|49|
619|33|25|79|11|01|
620|24|18|10|40|17|
621|33|25|09|68|53|
622|40|34|46|17|01|
623|50|33|26|79|44|
624|67|45|44|49|46|
625|32|69|42|13|59|
626|07|38|33|58|76|
627|44|70|49|31|80|
628|52|60|46|56|65|
629|26|64|34|42|78|
630|59|45|56|61|07|
631|53|29|61|58|68|
632|17|48|21|20|42|
633|61|66|08|59|20|
634|50|73|71|60|34|
635|25|50|36|01|62|
636|40|57|43|32|11|
637|09|15|67|23|41|
638|64|51|69|07|49|
639|17|77|55|62|35|
640|72|39|14|05|57|
641|65|63|76|56|15|
642|36|60|20|10|58|
643|41|02|09|53|60|
644|27|34|49|28|12|
645|22|02|25|15|74|
646|36|63|03|08|44|
647|43|59|19|52|74|
648|72|24|39|60|31|
649|71|29|78|38|73|
650|52|11|23|33|70|
651|73|40|23|72|27|
652|76|27|03|47|66|
653|46|08|10|07|45|
654|48|55|68|03|13|
655|21|31|40|11|41|
656|58|67|12|40|27|
657|79|70|62|41|80|
658|03|69|25|60|44|
659|64|49|09|24|39|
660|45|73|53|70|42|
661|62|74|29|33|12|
662|22|19|40|73|07|
663|69|36|34|70|51|
664|10|12|37|38|65|
665|28|77|08|70|78|
666|64|50|27|16|15|
667|63|55|44|34|60|
668|04|11|51|38|39|
669|31|61|02|16|55|
670|30|76|34|08|18|
671|77|63|65|12|74|
672|62|57|10|53|49|
673|31|25|79|48|12|
674|50|06|56|02|80|
675|58|79|14|70|37|
676|19|48|66|50|17|
677|09|38|20|31|04|
678|38|40|13|64|71|
679|33|26|58|77|48|
680|36|63|50|35|71|
681|53|15|66|24|65|
682|51|79|40|59|33|
683|25|70|37|24|35|
684|73|76|53|09|44|
685|52|04|71|46|30|
686|76|61|18|49|46|
687|58|78|33|69|64|
688|16|37|71|06|52|
689|01|73|17|13|25|
690|56|39|13|33|26|
691|44|41|47|63|69|
692|66|02|22|14|35|
693|69|24|37|16|41|
694|44|51|61|63|17|
695|29|24|43|13|38|
696|63|43|69|65|28|
697|66|19|31|28|53|
698|19|02|01|10|60|
699|51|25|75|08|58|
700|25|59|02|42|36|
701|79|80|57|21|65|
702|09|54|19|40|73|
703|23|57|78|55|03|
704|60|15|42|27|63|
705|36|54|51|67|37|
706|27|33|56|57|73|
707|52|80|01|53|57|
708|12|62|05|08|11|
709|53|05|26|51|39|
710|70|31|39|28|34|
711|60|14|54|32|13|
712|41|18|67|62|12|
713|38|39|23|07|12|
714|71|75|13|48|73|
715|23|49|38|32|74|
716|08|71|54|43|49|
717|16|49|23|40|13|
718|37|70|32|46|22|
719|68|43|01|07|14|
720|47|32|78|05|34|
721|49|70|72|09|24|
722|14|65|71|05|73|
723|77|12|20|69|64|
724|45|08|63|47|42|
725|43|59|02|60|56|
726|18|79|78|31|14|
727|46|45|51|04|02|
728|61|03|43|19|34|
729|71|25|61|54|38|
730|08|11|48|61|25|
731|03|09|69|53|42|
732|62|28|10|07|78|
733|76|73|32|16|59|
734|65|07|08|13|49|
735|57|59|77|29|79|
736|43|14|17|44|57|
737|64|68|22|44|43|
738|79|18|33|56|02|
739|01|74|80|04|59|
740|36|58|04|75|11|
741|79|10|40|55|22|
742|62|15|72|65|52|
743|43|80|11|70|77|
744|67|04|19|79|58|
745|24|37|54|49|57|
746|39|40|35|71|42|
747|45|38|16|71|32|
748|64|27|67|45|43|
749|34|18|40|55|37|
750|63|56|08|37|58|
751|38|41|19|78|53|
752|18|37|06|57|34|
753|34|54|19|61|63|
754|26|29|22|47|60|
755|38|50|61|11|80|
756|39|15|67|73|30|
757|44|72|66|29|05|
758|60|17|14|69|64|
759|04|63|21|56|67|
760|32|61|09|64|75|
761|22|43|08|25|46|
762|12|52|18|75|63|
763|26|70|18|47|25|
764|09|38|04|33|28|
765|31|28|69|17|30|
766|59|55|19|74|15|
767|49|15|61|46|64|
768|01|60|23|31|41|
769|60|28|34|08|65|
770|76|71|26|64|69|
771|31|52|76|63|13|
772|07|18|13|24|08|
773|24|21|73|38|79|
774|68|22|72|18|61|
775|54|42|61|11|02|
776|29|61|14|60|62|
777|63|65|35|18|48|
778|33|65|71|39|66|
779|14|11|24|20|70|
780|24|30|41|58|31|
781|50|02|17|70|61|
782|54|07|53|40|77|
783|49|14|73|10|48|
784|66|77|30|60|07|
785|75|55|56|28|41|
786|56|72|80|26|16|
787|13|15|77|25|42|
788|31|44|25|03|64|
789|80|31|25|66|53|
790|07|06|52|78|31|
791|69|38|50|66|06|
792|34|14|04|07|73|
793|31|09|01|14|70|
794|61|46|37|19|14|
795|58|54|79|02|76|
796|39|38|48|15|79|
797|34|55|18|11|39|
798|12|27|69|52|57|
799|12|80|29|67|44|
800|13|44|66|28|45|
801|45|66|79|33|25|
802|28|03|25|70|51|
803|52|29|32|42|59|
804|38|46|26|74|08|
805|71|22|13|41|42|
806|36|68|61|39|42|
807|16|61|05|24|65|
808|38|31|37|67|49|
809|61|77|65|80|31|
810|21|12|77|13|53|
811|02|59|53|51|42|
812|43|11|73|18|72|
813|07|71|74|65|23|
814|09|19|28|46|76|
815|34|32|48|65|18|
816|02|62|60|11|42|
817|35|42|19|65|54|
818|43|11|32|58|61|
819|31|76|07|78|11|
820|53|62|07|74|48|
821|09|18|75|30|54|
822|34|49|25|30|66|
823|80|38|32|43|11|
824|73|25|55|26|53|
825|76|09|74|10|67|
826|41|46|34|68|39|
827|25|43|35|48|01|
828|75|77|07|68|72|
829|27|58|41|59|35|
830|69|10|45|27|71|
831|25|37|27|16|01|
832|29|28|06|50|39|
833|70|46|05|47|13|
834|75|59|69|43|77|
835|16|77|41|67|11|
836|41|18|30|69|07|
837|06|70|43|65|23|
838|77|21|80|76|39|
839|69|62|46|70|50|
840|55|56|02|12|35|
841|23|59|12|43|32|
842|08|75|59|72|50|
843|40|15|71|72|20|
844|47|78|56|77|23|
845|63|16|08|70|28|
846|62|56|41|34|38|
847|30|78|71|47|41|
848|60|15|57|33|40|
849|71|80|07|44|26|
850|43|29|26|34|79|
851|39|55|15|41|01|
852|67|75|54|05|57|
853|14|80|67|36|42|
854|13|04|63|30|49|
855|38|66|56|64|03|
856|75|38|06|41|80|
857|74|77|07|66|11|
858|62|75|11|16|20|
859|49|06|75|01|09|
860|47|59|23|46|08|
861|04|14|45|41|10|
862|12|14|26|68|66|
863|19|79|15|18|70|
864|07|34|60|61|66|
865|19|62|39|30|04|
866|41|61|25|09|40|
867|42|66|58|04|20|
868|55|34|24|09|52|
869|68|75|59|72|30|
870|15|69|17|44|52|
871|56|32|73|49|19|
872|54|58|46|59|70|
873|24|48|77|57|10|
874|39|16|38|44|71|
875|52|06|39|31|46|
876|70|55|29|09|35|
877|54|39|51|38|31|
878|13|69|11|24|64|
879|35|19|49|27|78|
880|38|41|32|11|14|
881|03|09|54|56|61|
882|13|39|02|05|55|
883|76|02|74|38|77|
884|28|46|44|54|19|
885|03|13|45|37|05|
886|37|44|59|24|40|
887|35|27|40|05|28|
888|31|79|18|22|45|
889|47|76|15|31|36|
890|03|21|41|67|07|
891|18|46|47|04|13|
892|20|14|75|34|73|
893|79|13|07|66|05|
894|10|50|38|36|13|
895|58|49|34|16|59|
896|62|51|77|26|14|
897|56|70|30|72|39|
898|08|59|39|77|78|
899|28|26|55|17|36|
900|52|49|74|56|41|
901|41|24|60|51|73|
902|78|34|33|14|55|
903|08|22|52|28|58|
904|42|51|57|64|49|
905|49|61|55|42|69|
906|19|33|39|20|22|
907|29|50|74|24|32|
908|50|09|73|23|01|
909|08|16|79|37|64|
910|31|19|55|45|07|
911|18|25|57|04|74|
912|04|70|23|45|14|
913|11|25|50|67|07|
914|67|76|11|32|55|
915|61|07|19|27|13|
916|68|52|46|50|12|
917|55|47|10|06|28|
918|78|65|33|36|49|
919|72|13|77|08|40|
920|36|13|05|69|14|
921|75|09|04|64|74|
922|62|01|20|24|12|
923|02|52|39|16|36|
924|56|49|79|36|18|
925|30|78|15|61|02|
926|73|79|50|40|46|
927|15|54|48|70|38|
928|28|03|22|35|45|
929|28|69|05|55|52|
930|61|47|32|41|77|
931|20|31|79|61|76|
932|59|73|45|78|02|
933|06|70|79|51|27|
934|21|46|69|02|44|
935|14|29|63|65|41|
936|40|46|51|78|36|
937|59|50|79|32|77|
938|07|77|61|53|34|
939|61|01|15|48|33|
940|46|40|72|73|59|
941|50|41|59|68|45|
942|26|35|73|71|80|
943|45|42|64|20|49|
944|50|63|67|29|40|
945|39|10|55|49|23|
946|06|79|28|19|44|
947|79|37|16|23|24|
948|34|71|41|21|75|
949|45|20|52|74|57|
950|16|11|22|14|03|
951|43|21|05|58|74|
952|36|37|19|17|14|
953|18|02|05|45|70|
954|66|56|33|67|51|
955|44|73|75|76|22|
956|48|15|25|49|23|
957|20|72|40|38|32|
958|36|61|48|62|79|
959|07|47|61|54|11|
960|80|25|50|16|49|
961|31|51|56|69|13|
962|74|25|47|22|51|
963|28|71|55|80|45|
964|53|38|57|36|28|
965|39|71|59|10|43|
966|30|34|08|44|37|
967|64|19|53|49|09|
968|17|51|37|55|61|
969|53|43|11|06|41|
970|50|03|65|70|31|
971|75|32|17|78|53|
972|35|56|17|38|28|
973|06|52|42|19|34|
974|61|22|42|64|72|
975|16|44|58|64|02|
976|18|27|46|71|61|
977|54|27|69|53|36|
978|12|39|04|24|69|
979|55|59|41|04|48|
980|46|51|57|27|67|
981|74|56|16|18|31|
982|61|16|32|24|33|
983|31|37|26|49|01|
984|34|47|04|03|65|
985|70|44|36|19|60|
986|64|30|03|17|52|
987|27|46|59|54|06|
988|12|19|72|56|76|
989|02|69|61|03|22|
990|14|64|03|73|12|
991|05|54|64|52|01|
992|54|17|20|78|05|
993|58|40|66|48|16|
994|36|35|02|53|59|
995|80|25|32|68|27|
996|01|06|31|49|21|
997|03|19|13|43|09|
998|36|15|03|47|43|
999|49|46|12|44|03|
1000|14|69|34|23|54|
1001|63|39|47|54|03|
1002|56|39|30|76|16|
1003|52|26|79|28|58|
1004|67|51|49|17|32|
1005|59|38|42|02|44|
1006|11|73|59|25|36|
1007|41|70|52|17|20|
1008|35|13|10|74|12|
1009|75|18|55|43|08|
1010|77|21|22|13|65|
1011|68|03|58|15|37|
1012|41|56|78|17|18|
1013|17|26|24|69|18|
1014|38|64|32|31|42|
1015|64|56|80|01|16|
1016|53|35|68|58|03|
1017|24|26|40|55|42|
1018|20|45|69|80|59|
1019|11|22|72|39|10|
1020|52|06|25|27|37|
1021|32|80|04|02|53|
1022|76|46|14|51|39|
1023|34|49|38|70|19|
1024|70|35|20|13|18|
1025|50|21|16|32|06|
1026|21|45|10|75|06|
1027|64|48|50|38|30|
1028|02|07|29|30|06|
1029|18|50|51|34|40|
1030|47|49|04|69|24|
1031|80|29|39|56|22|
1032|47|14|02|17|29|
1033|41|56|30|10|69|
1034|43|20|24|13|42|
1035|09|72|41|70|16|
1036|71|05|50|29|36|
1037|73|64|68|05|31|
1038|19|49|73|40|79|
1039|51|25|63|14|28|
1040|11|48|22|07|63|
1041|53|25|10|67|61|
1042|70|47|45|31|22|
1043|28|12|80|78|73|
1044|25|70|10|31|12|
1045|67|25|02|07|30|
1046|23|40|55|32|46|
1047|56|65|72|29|68|
1048|69|77|10|32|44|
1049|29|80|37|26|75|
1050|22|53|36|59|54|
1051|02|44|49|42|63|
1052|54|12|04|26|62|
1053|71|36|35|40|25|
1054|56|73|10|52|66|
1055|29|19|30|73|16|
1056|41|12|09|46|34|
1057|13|09|48|69|14|
1058|08|39|68|51|57|
1059|16|43|17|63|11|
1060|53|26|40|42|76|
1061|28|34|41|53|33|
1062|55|39|70|51|46|
1063|53|59|05|18|28|
1064|10|43|35|62|18|
1065|04|08|27|46|06|
1066|66|73|80|44|37|
1067|78|42|35|11|80|
1068|57|13|37|47|40|
1069|73|47|43|28|53|
1070|59|29|56|03|26|
1071|13|48|73|78|50|
1072|23|33|07|53|77|
1073|23|42|57|58|78|
1074|57|76|04|03|10|
1075|48|61|40|66|54|
1076|29|33|36|64|73|
1077|73|48|41|06|34|
1078|11|55|64|24|22|
1079|45|07|48|68|05|
1080|05|48|33|68|34|
1081|02|04|40|64|78|
1082|28|24|21|23|72|
1083|49|26|33|41|46|
1084|31|56|72|49|09|
1085|26|10|74|22|70|
1086|49|74|38|05|64|
1087|15|04|06|32|29|
1088|46|01|60|07|31|
1089|22|55|44|19|73|
1090|55|30|78|28|36|
1091|23|78|15|45|43|
1092|42|55|63|12|64|
1093|31|24|28|12|70|
1094|03|19|36|46|64|
1095|21|18|09|52|32|
1096|45|63|38|09|26|
1097|02|18|46|61|74|
1098|13|42|31|10|01|
1099|50|57|27|09|30|
1100|18|39|54|28|74|
1101|78|65|41|80|74|
1102|20|22|39|50|29|
1103|32|33|74|43|20|
1104|35|29|41|59|01|
1105|37|48|38|78|36|
1106|16|30|25|62|73|
1107|08|49|18|79|11|
1108|15|45|13|21|53|
1109|08|11|35|29|55|
1110|80|40|44|31|51|
1111|45|39|35|31|07|
1112|65|25|15|70|51|
1113|14|02|16|34|54|
1114|12|59|16|40|08|
1115|73|52|04|42|56|
1116|70|04|19|29|33|
1117|23|03|10|51|32|
1118|70|36|42|10|62|
1119|74|44|73|65|46|
1120|27|48|76|55|33|
1121|42|76|40|26|74|
1122|45|52|77|39|09|
1123|18|75|56|42|21|
1124|65|67|62|26|33|
1125|73|48|45|77|33|
1126|79|05|41|74|56|
1127|46|22|18|32|72|
1128|08|10|04|34|70|
1129|66|27|58|19|03|
1130|17|08|46|53|74|
1131|45|72|18|23|56|
1132|42|63|77|35|45|
1133|68|28|22|38|46|
1134|02|66|56|27|33|
1135|32|76|18|72|41|
1136|58|05|12|47|16|
1137|39|78|19|10|33|
1138|11|40|07|51|18|
1139|31|45|61|18|71|
1140|38|58|34|61|31|
1141|62|36|78|77|49|
1142|64|39|56|73|22|
1143|05|78|44|69|42|
1144|61|16|70|66|07|
1145|70|61|44|24|27|
1146|16|64|45|78|13|
1147|34|66|60|54|51|
1148|52|44|20|23|69|
1149|60|23|67|24|69|
1150|30|33|04|47|39|
1151|57|30|54|23|67|
1152|47|08|26|25|78|
1153|79|60|29|77|61|
1154|54|12|42|21|56|
1155|53|21|66|18|03|
1156|24|50|57|44|38|
1157|10|28|78|07|62|
1158|36|18|34|41|69|
1159|24|56|41|10|61|
1160|76|39|78|62|08|
1161|17|44|19|06|10|
1162|30|11|26|80|61|
1163|33|12|25|70|26|
1164|79|54|72|52|12|
1165|40|71|41|72|52|
1166|24|54|64|60|07|
1167|39|28|66|17|14|
1168|58|01|15|31|74|
1169|43|15|44|20|14|
1170|15|09|79|10|54|
1171|78|28|07|04|29|
1172|60|33|47|01|64|
1173|40|18|70|13|52|
1174|79|73|71|58|45|
1175|42|23|40|47|20|
1176|08|31|61|32|10|
1177|35|29|75|38|43|
1178|60|80|01|56|68|
1179|15|78|71|52|66|
1180|03|19|22|16|38|
1181|43|21|60|42|07|
1182|03|08|66|36|06|
1183|42|79|52|21|66|
1184|60|21|02|34|47|
1185|40|38|18|72|68|
1186|26|21|54|42|50|
1187|18|15|55|05|78|
1188|14|72|74|04|73|
1189|17|04|39|21|76|
1190|19|44|40|73|71|
1191|27|06|46|40|71|
1192|80|70|79|18|03|
1193|70|07|73|74|09|
1194|04|59|46|54|15|
1195|61|47|64|22|07|
1196|38|12|62|61|14|
1197|51|05|66|21|43|
1198|09|28|80|13|48|
1199|24|40|26|56|32|
1200|65|30|16|58|42|
1201|13|61|60|10|42|
1202|38|31|76|73|62|
1203|34|75|39|42|09|
1204|62|30|49|05|07|
1205|37|30|17|44|77|
1206|03|37|33|40|09|
1207|11|71|61|43|25|
1208|14|69|67|08|53|
1209|24|75|73|43|36|
1210|11|51|29|49|31|
1211|19|52|65|78|40|
1212|32|14|75|72|52|
1213|41|77|07|24|52|
1214|47|40|07|01|42|
1215|32|71|65|22|19|
1216|48|38|44|77|43|
1217|72|12|07|58|19|
1218|54|29|21|10|78|
1219|09|34|60|55|19|
1220|59|75|37|39|44|
1221|66|15|03|52|76|
1222|79|33|46|58|26|
1223|42|16|66|61|51|
1224|13|18|79|78|10|
1225|35|38|25|40|06|
1226|35|25|18|14|66|
1227|45|77|73|68|53|
1228|55|31|28|40|52|
1229|35|30|50|67|40|
1230|02|51|49|80|68|
1231|50|49|16|44|53|
1232|70|38|66|58|49|
1233|72|35|45|04|31|
1234|05|52|44|33|39|
1235|27|53|05|72|69|
1236|53|31|52|54|32|
1237|49|21|53|19|76|
1238|36|06|47|16|33|
1239|65|62|64|60|68|
1240|46|19|26|30|43|
1241|37|71|12|24|28|
1242|24|08|34|13|26|
1243|59|65|60|39|29|
1244|44|04|63|76|10|
1245|70|53|59|04|20|
1246|75|44|63|22|18|
1247|47|26|14|29|16|
1248|41|05|29|19|04|
1249|35|51|34|08|79|
1250|05|04|68|10|77|
1251|35|71|77|52|51|
1252|56|34|01|80|08|
1253|03|77|44|65|35|
1254|30|16|69|55|31|
1255|76|31|04|57|68|
1256|11|29|07|05|41|
1257|15|64|30|43|63|
1258|57|28|33|64|16|
1259|38|46|14|50|16|
1260|32|04|13|51|33|
1261|25|62|45|04|78|
1262|25|23|36|22|39|
1263|19|70|08|80|39|
1264|71|02|17|20|54|
1265|11|64|38|21|28|
1266|18|63|50|17|49|
1267|21|26|39|66|76|
1268|57|48|37|30|76|
1269|39|13|38|19|49|
1270|25|04|46|63|36|
1271|68|39|34|19|01|
1272|13|05|68|14|64|
1273|26|41|15|31|56|
1274|43|62|80|60|42|
1275|19|49|38|74|47|
1276|75|14|24|33|03|
1277|30|18|13|29|44|
1278|15|09|40|74|33|
1279|18|24|70|39|06|
1280|48|24|29|13|11|
1281|76|27|39|50|74|
1282|69|67|65|70|46|
1283|52|15|29|21|40|
1284|45|77|09|44|04|
1285|72|19|60|34|58|
1286|49|43|41|58|56|
1287|63|44|12|34|35|
1288|04|01|74|65|23|
1289|61|68|76|71|37|
1290|53|78|61|52|66|
1291|17|53|58|63|46|
1292|26|56|15|60|32|
1293|78|75|77|36|05|
1294|08|09|57|42|55|
1295|56|22|24|78|02|
1296|06|36|49|54|07|
1297|58|33|29|51|56|
1298|66|60|24|12|77|
1299|73|50|52|33|79|
1300|34|16|65|54|38|
1301|75|63|64|53|55|
1302|15|10|07|77|26|
1303|05|49|09|69|39|
1304|04|05|27|72|64|
1305|07|18|08|35|25|
1306|40|29|45|34|47|
1307|16|09|48|36|67|
1308|15|71|74|72|47|
1309|28|36|05|39|80|
1310|35|15|20|31|69|
1311|34|65|74|52|38|
1312|31|12|36|47|22|
1313|49|27|14|39|41|
1314|38|76|10|68|47|
1315|38|65|51|05|33|
1316|39|51|71|42|70|
1317|68|05|66|39|29|
1318|05|78|39|10|66|
1319|24|18|37|32|39|
1320|37|69|61|09|33|
1321|39|66|65|34|18|
1322|47|28|16|68|43|
1323|31|55|19|75|52|
1324|48|47|03|34|71|
1325|73|25|27|22|20|
1326|44|77|24|67|58|
1327|57|07|18|61|44|
1328|73|47|70|04|14|
1329|80|74|59|21|25|
1330|56|71|45|52|22|
1331|46|40|30|27|38|
1332|19|44|21|71|25|
1333|46|70|14|75|23|
1334|63|49|22|12|50|
1335|79|32|69|13|76|
1336|67|05|26|01|41|
1337|58|79|21|19|36|
1338|19|15|45|75|09|
1339|26|41|22|27|79|
1340|67|66|27|12|48|
1341|15|33|13|48|41|
1342|35|21|61|80|69|
1343|66|34|18|30|21|
1344|79|32|80|73|47|
1345|22|66|54|35|61|
1346|28|58|32|11|13|
1347|37|30|70|45|18|
1348|64|30|72|04|52|
1349|35|49|45|76|03|
1350|64|53|28|69|18|
1351|48|12|36|08|43|
1352|52|79|40|11|09|
1353|45|04|16|42|58|
1354|14|22|53|04|40|
1355|30|04|13|32|55|
1356|41|05|42|54|72|
1357|16|15|68|59|78|
1358|16|72|78|44|24|
1359|26|50|60|74|12|
1360|53|58|09|05|51|
1361|12|77|73|39|46|
1362|20|63|43|54|72|
1363|31|73|54|53|62|
1364|35|06|56|37|42|
1365|11|12|53|32|59|
1366|59|80|06|76|61|
1367|71|37|77|56|23|
1368|59|70|69|38|71|
1369|13|67|17|12|19|
1370|63|47|57|02|38|
1371|74|52|20|05|64|
1372|54|78|19|14|21|
1373|66|78|67|21|47|
1374|62|60|77|32|64|
1375|26|06|27|68|70|
1376|35|63|78|45|42|
1377|60|07|15|06|67|
1378|54|55|39|61|19|
1379|50|66|76|46|33|
1380|78|50|55|39|76|
1381|45|28|24|05|31|
1382|22|07|09|64|53|
1383|80|62|56|59|48|
1384|60|59|22|29|33|
1385|48|62|39|43|11|
1386|69|33|18|49|44|
1387|80|78|73|69|42|
1388|48|52|39|06|57|
1389|68|72|74|40|11|
1390|19|17|64|42|43|
1391|39|76|28|21|67|
1392|76|71|48|09|57|
1393|51|67|74|02|17|
1394|52|64|78|57|02|
1395|04|14|34|70|31|
1396|16|73|04|24|72|
1397|21|58|13|30|38|
1398|51|67|77|60|43|
1399|43|16|26|08|27|
1400|74|45|52|80|41|
1401|38|05|63|41|18|
1402|76|47|43|42|72|
1403|04|17|74|70|69|
1404|05|66|70|52|63|
1405|09|04|43|68|67|
1406|69|09|24|16|70|
1407|30|64|28|01|72|
1408|45|21|38|19|23|
1409|79|12|65|48|50|
1410|37|32|05|35|74|
1411|01|13|11|16|20|
1412|78|05|19|77|74|
1413|56|61|31|29|54|
1414|26|78|22|44|56|
1415|19|17|42|73|30|
1416|34|54|72|02|60|
1417|36|78|65|46|08|
1418|29|75|35|52|23|
1419|64|49|46|11|69|
1420|71|69|59|61|04|
1421|70|52|61|54|13|
1422|63|14|08|03|10|
1423|63|49|23|14|12|
1424|03|21|66|54|32|
1425|76|18|11|01|29|
1426|03|38|73|44|46|
1427|48|79|38|26|40|
1428|73|80|04|76|70|
1429|70|36|77|29|47|
1430|26|76|51|14|43|
1431|04|48|08|69|35|
1432|25|23|37|30|15|
1433|65|66|31|04|58|
1434|16|04|67|35|13|
1435|04|59|15|17|56|
1436|53|54|62|60|03|
1437|26|03|62|12|54|
1438|30|05|15|68|79|
1439|15|39|31|63|13|
1440|10|16|59|52|18|
1441|53|49|61|11|03|
1442|11|45|73|77|42|
1443|19|38|21|58|09|
1444|51|69|29|75|62|
1445|18|13|77|41|54|
1446|10|52|73|02|27|
1447|11|33|04|15|14|
1448|41|20|77|69|29|
1449|21|03|67|24|13|
1450|55|11|14|74|58|
1451|02|13|66|79|53|
1452|01|23|37|15|04|
1453|01|38|70|59|23|
1454|06|51|69|30|53|
1455|67|59|68|46|28|
1456|76|17|10|08|68|
1457|14|21|73|22|59|
1458|23|13|39|40|48|
1459|14|40|63|52|71|
1460|02|48|51|32|13|
1461|06|75|49|27|61|
1462|46|48|02|55|45|
1463|46|18|47|30|76|
1464|39|55|71|10|40|
1465|12|71|14|58|46|
1466|19|72|15|13|41|
1467|16|69|15|10|62|
1468|65|17|47|25|43|
1469|46|58|33|30|52|
1470|70|40|44|04|67|
1471|63|45|24|57|25|
1472|35|51|57|25|53|
1473|15|74|17|54|24|
1474|25|03|54|40|06|
1475|63|07|13|21|47|
1476|01|37|60|75|06|
1477|54|76|58|80|70|
1478|10|30|75|55|22|
1479|09|14|13|32|19|
1480|20|73|01|37|79|
1481|74|08|29|55|01|
1482|79|44|27|08|13|
1483|74|19|16|24|54|
1484|21|47|59|40|39|
1485|35|69|47|49|36|
1486|53|56|41|64|51|
1487|22|80|73|10|14|
1488|28|11|30|13|54|
1489|40|27|16|35|05|
1490|70|60|08|31|18|
1491|68|12|65|23|74|
1492|06|39|59|42|74|
1493|14|49|28|45|11|
1494|04|44|36|27|12|
1495|08|58|31|01|21|
1496|18|41|08|75|42|
1497|28|31|10|15|22|
1498|76|08|41|48|06|
1499|01|26|09|78|35|
1500|65|52|43|74|30|
1501|73|16|52|72|48|
1502|31|65|46|74|45|
1503|11|32|47|39|25|
1504|01|45|79|06|38|
1505|77|70|02|71|10|
1506|42|46|71|64|67|
1507|18|24|59|32|51|
1508|67|11|03|63|19|
1509|78|49|60|07|47|
1510|69|54|15|37|71|
1511|79|49|21|26|75|
1512|03|36|07|57|38|
1513|01|71|11|29|62|
1514|41|05|25|32|21|
1515|63|09|45|49|75|
1516|38|14|59|69|26|
1517|79|62|48|72|51|
1518|64|17|04|15|25|
1519|39|57|03|64|17|
1520|46|67|79|35|77|
1521|37|43|53|22|63|
1522|59|23|64|11|08|
1523|17|32|28|14|71|
1524|50|80|48|21|22|
1525|32|07|31|67|70|
1526|04|65|32|48|46|
1527|73|06|64|35|52|
1528|36|10|52|68|63|
1529|55|23|47|41|48|
1530|71|79|20|47|39|
1531|44|60|72|34|41|
1532|39|65|59|36|43|
1533|44|37|45|24|34|
1534|54|35|33|60|50|
1535|27|80|22|69|76|
1536|61|78|58|53|74|
1537|34|36|24|74|01|
1538|41|31|02|57|26|
1539|23|72|36|51|16|
1540|45|03|57|30|66|
1541|33|53|68|01|15|
1542|29|79|26|72|69|
1543|62|57|60|22|04|
1544|37|01|73|08|51|
1545|39|16|24|08|73|
1546|09|38|79|73|44|
1547|34|51|54|43|36|
1548|10|74|22|39|69|
1549|19|71|51|60|64|
1550|47|53|38|15|45|
1551|34|39|62|76|10|
1552|61|50|43|06|22|
1553|16|77|76|35|52|
1554|17|64|10|37|34|
1555|64|65|59|31|67|
1556|25|55|51|18|50|
1557|73|55|47|12|51|
1558|13|64|17|54|79|
1559|79|07|66|48|39|
1560|42|56|21|52|23|
1561|36|01|64|71|10|
1562|50|72|53|60|16|
1563|24|04|43|36|50|
1564|58|24|68|28|50|
1565|79|20|70|09|55|
1566|62|19|16|27|69|
1567|46|78|56|13|52|
1568|27|63|05|25|29|
1569|21|46|50|67|60|
1570|72|44|67|32|53|
1571|58|51|47|40|72|
1572|13|43|45|76|74|
1573|08|64|47|58|37|
1574|55|78|17|16|79|
1575|49|42|73|68|41|
1576|01|26|42|59|75|
1577|56|10|13|25|67|
1578|27|06|17|01|09|
1579|61|77|69|03|76|
1580|09|39|47|16|75|
1581|14|30|70|42|12|
1582|60|66|52|34|37|
1583|54|51|01|57|29|
1584|12|65|64|69|40|
1585|28|05|15|37|01|
1586|13|28|72|04|17|
1587|06|23|54|30|04|
1588|56|57|70|36|23|
1589|14|07|56|47|17|
1590|45|18|28|12|73|
1591|33|32|51|53|10|
1592|55|04|45|37|65|
1593|63|40|56|50|43|
1594|57|61|06|79|34|
1595|41|45|64|52|31|
1596|54|44|26|03|49|
1597|29|45|53|07|78|
1598|08|44|67|32|46|
1599|13|41|80|71|36|
1600|21|33|61|36|56|
1601|20|49|42|80|79|
1602|49|04|64|30|73|
1603|05|77|51|45|56|
1604|40|36|24|21|71|
1605|78|12|11|33|36|
1606|64|76|25|77|57|
1607|03|40|68|50|32|
1608|47|28|29|13|77|
1609|30|35|43|79|40|
1610|18|48|46|69|61|
1611|50|16|40|04|08|
1612|63|59|37|04|38|
1613|36|01|09|50|44|
1614|22|49|09|52|10|
1615|33|38|58|49|06|
1616|41|06|35|58|12|
1617|63|11|21|52|70|
1618|67|11|43|48|57|
1619|26|70|06|74|65|
1620|34|57|32|45|41|
1621|04|15|66|05|79|
1622|39|44|68|16|73|
1623|09|44|78|06|23|
1624|63|26|32|09|61|
1625|75|40|71|62|48|
1626|08|46|60|49|36|
1627|50|51|06|70|07|
1628|28|56|79|49|11|
1629|33|10|13|34|74|
1630|32|35|19|09|34|
1631|28|61|24|46|35|
1632|42|21|25|60|38|
1633|20|46|57|77|18|
1634|39|42|73|57|41|
1635|52|22|50|18|06|
1636|50|57|27|29|37|
1637|71|17|46|41|57|
1638|79|48|62|21|71|
1639|25|68|38|14|07|
1640|50|10|20|67|64|
1641|19|23|67|18|34|
1642|17|74|15|57|73|
1643|36|70|58|09|14|
1644|59|76|55|33|66|
1645|08|65|26|69|01|
1646|42|40|30|52|76|
1647|48|71|02|55|74|
1648|43|36|35|64|72|
1649|21|01|18|36|16|
1650|77|10|68|44|01|
1651|57|26|61|45|05|
1652|47|30|71|08|06|
1653|50|54|05|46|09|
1654|50|65|15|58|51|
1655|28|33|56|08|54|
1656|16|25|80|76|27|
1657|38|31|11|13|10|
1658|55|37|74|46|56|
1659|40|47|53|49|35|
1660|66|73|63|48|70|
1661|06|47|09|77|49|
1662|57|45|06|70|59|
1663|05|28|12|71|68|
1664|58|20|46|26|80|
1665|62|01|71|60|61|
1666|51|29|52|47|73|
1667|34|10|02|66|43|
1668|71|77|59|31|12|
1669|46|63|49|16|53|
1670|76|60|21|77|24|
1671|05|34|15|35|11|
1672|15|55|63|79|53|
1673|45|58|77|30|33|
1674|33|04|18|80|03|
1675|32|23|22|70|50|
1676|60|53|44|49|37|
1677|52|59|44|77|41|
1678|72|62|12|06|30|
1679|16|52|03|14|22|
1680|67|21|60|79|38|
1681|56|27|71|01|32|
1682|01|04|47|36|65|
1683|54|28|22|47|18|
1684|01|06|44|52|80|
1685|34|05|71|08|17|
1686|26|37|10|23|53|
1687|49|33|76|55|69|
1688|06|14|27|05|04|
1689|24|01|15|42|72|
1690|46|08|64|09|65|
1691|65|74|34|36|08|
1692|38|52|31|07|39|
1693|33|41|59|53|03|
1694|33|52|23|24|62|
1695|75|06|32|33|39|
1696|28|27|29|79|34|
1697|66|16|79|12|78|
1698|53|39|49|71|33|
1699|20|74|39|03|29|
1700|65|47|20|11|26|
1701|15|72|64|49|30|
1702|78|80|14|52|22|
1703|36|40|35|09|63|
1704|08|29|70|54|24|
1705|34|49|21|50|54|
1706|07|11|29|39|19|
1707|28|67|37|13|26|
1708|33|70|12|68|64|
1709|61|58|79|63|06|
1710|72|63|15|19|51|
1711|62|32|09|79|11|
1712|34|27|31|55|12|
1713|71|62|04|55|30|
1714|18|11|17|01|37|
1715|54|33|46|49|56|
1716|80|65|59|29|08|
1717|50|12|17|25|16|
1718|27|56|43|59|44|
1719|77|58|29|78|50|
1720|36|34|15|06|02|
1721|08|79|42|19|38|
1722|46|65|47|54|45|
1723|53|50|27|03|09|
1724|45|39|37|31|34|
1725|41|39|26|74|42|
1726|26|19|57|64|22|
1727|12|58|78|15|42|
1728|26|29|47|68|42|
1729|71|52|28|59|38|
1730|12|29|62|08|65|
1731|49|38|14|73|31|
1732|16|51|75|49|42|
1733|63|22|09|72|62|
1734|77|60|12|69|40|
1735|32|67|08|01|65|
1736|46|42|49|80|12|
1737|24|27|30|68|09|
1738|74|79|71|33|34|
1739|38|16|44|76|78|
1740|78|49|35|09|43|
1741|45|46|44|24|36|
1742|66|64|54|08|57|
1743|16|69|77|02|64|
1744|31|02|75|64|22|
1745|56|25|76|80|22|
1746|09|24|05|48|77|
1747|59|71|01|13|27|
1748|52|79|72|37|47|
1749|42|66|62|60|75|
1750|22|34|31|74|73|
1751|60|37|16|38|21|
1752|54|05|12|44|32|
1753|55|21|62|19|60|
1754|19|58|27|21|06|
1755|69|80|17|37|53|
1756|70|10|33|42|49|
1757|02|78|14|47|53|
1758|41|38|78|40|11|
1759|68|56|79|14|09|
1760|55|46|34|27|70|
1761|55|45|13|01|58|
1762|02|20|30|45|74|
1763|03|09|33|24|60|
1764|10|47|01|73|75|
1765|26|10|36|04|80|
1766|71|27|05|25|62|
1767|74|60|79|39|09|
1768|63|42|62|28|33|
1769|56|61|45|20|24|
1770|63|21|25|10|22|
1771|59|39|78|42|28|
1772|38|48|19|11|54|
1773|61|26|57|63|20|
1774|19|16|55|38|34|
1775|49|55|80|67|12|
1776|52|32|36|21|07|
1777|01|27|44|74|56|
1778|41|67|55|46|26|
1779|21|55|31|45|48|
1780|33|42|76|48|28|
1781|64|02|53|25|43|
1782|22|77|62|21|05|
1783|08|70|35|55|05|
1784|29|59|26|62|51|
1785|68|22|32|60|72|
1786|80|77|69|45|26|
1787|39|56|72|33|51|
1788|68|41|16|53|05|
1789|09|26|78|34|22|
1790|34|02|20|32|15|
1791|66|40|42|51|52|
1792|75|39|14|41|66|
1793|55|42|16|15|41|
1794|23|01|41|10|76|
1795|26|47|61|03|72|
1796|40|48|34|35|49|
1797|29|66|70|64|22|
1798|56|45|28|59|12|
1799|27|71|75|39|55|
1800|32|65|44|22|74|
1801|04|35|25|52|07|
1802|47|70|59|26|64|
1803|62|67|48|53|77|
1804|51|25|69|28|18|
1805|12|21|63|52|60|
1806|13|25|52|55|71|
1807|58|76|51|04|28|
1808|25|58|19|29|03|
1809|56|40|24|25|75|
1810|22|78|48|40|38|
1811|37|30|61|45|38|
1812|02|26|04|80|67|
1813|16|21|77|28|07|
1814|31|03|37|20|62|
1815|56|61|68|15|18|
1816|37|08|73|55|34|
1817|21|60|20|57|47|
1818|63|71|08|16|39|
1819|51|77|12|32|80|
1820|09|38|48|68|80|
1821|76|47|22|35|29|
1822|64|62|08|50|02|
1823|19|58|57|43|66|
1824|10|46|05|80|58|
1825|36|59|49|68|14|
1826|10|68|13|23|09|
1827|02|38|58|29|63|
1828|05|16|30|47|73|
1829|58|23|38|31|51|
1830|64|08|68|41|66|
1831|48|02|61|25|29|
1832|28|30|42|01|68|
1833|06|44|10|48|57|
1834|49|04|42|35|19|
1835|08|58|62|29|21|
1836|13|29|65|35|12|
1837|41|12|72|14|27|
1838|21|79|80|61|05|
1839|10|45|78|41|33|
1840|75|12|38|52|10|
1841|35|51|13|16|31|
1842|31|71|13|56|02|
1843|26|23|08|16|55|
1844|21|20|09|39|65|
1845|08|37|38|09|40|
1846|39|76|14|24|37|
1847|37|40|18|36|17|
1848|44|77|24|15|30|
1849|80|75|61|54|16|
1850|49|18|39|55|80|
1851|66|23|36|06|69|
1852|67|08|21|61|38|
1853|67|53|71|69|32|
1854|38|08|67|60|50|
1855|02|77|74|67|23|
1856|44|42|11|01|02|
1857|67|59|44|35|51|
1858|27|68|18|17|80|
1859|14|58|79|04|49|
1860|79|41|48|39|71|
1861|28|60|79|43|38|
1862|24|61|28|04|39|
1863|21|75|06|64|26|
1864|69|42|13|56|07|
1865|56|38|58|26|08|
1866|68|54|75|14|15|
1867|57|66|64|35|41|
1868|51|38|49|71|23|
1869|20|08|44|41|33|
1870|75|56|42|76|20|
1871|73|80|41|14|51|
1872|49|07|75|60|32|
1873|07|03|63|54|59|
1874|77|25|28|72|22|
1875|67|16|03|21|78|
1876|28|56|17|51|75|
1877|40|69|65|77|13|
1878|43|68|02|75|59|
1879|18|20|35|62|25|
1880|74|26|29|16|32|
1881|15|08|06|42|59|
1882|80|12|64|36|14|
1883|79|55|17|70|42|
1884|67|75|59|38|27|
1885|18|31|28|10|17|
1886|52|58|09|50|40|
1887|17|45|50|16|62|
1888|28|47|31|51|59|
1889|58|23|54|80|14|
1890|45|69|49|43|27|
1891|56|16|54|59|33|
1892|20|32|46|62|48|
1893|74|29|46|24|76|
1894|43|72|08|53|15|
1895|12|58|67|54|17|
1896|47|43|03|63|24|
1897|78|79|22|72|29|
1898|42|74|38|46|11|
1899|54|57|35|42|08|
1900|35|80|48|34|22|
1901|26|17|41|07|63|
1902|02|59|13|16|61|
1903|64|53|15|29|23|
1904|77|34|67|05|61|
1905|27|78|45|38|72|
1906|02|04|72|41|01|
1907|34|65|66|76|40|
1908|25|61|07|78|13|
1909|56|14|05|55|32|
1910|36|35|44|67|01|
1911|59|75|27|54|10|
1912|66|42|65|70|43|
1913|50|51|05|16|57|
1914|36|76|51|41|32|
1915|64|72|22|14|45|
1916|38|57|42|68|62|
1917|66|49|22|59|76|
1918|08|44|50|04|37|
1919|46|04|68|71|39|
1920|66|76|08|22|10|
1921|80|23|60|68|62|
1922|76|47|60|51|58|
1923|74|34|77|37|10|
1924|52|74|40|42|24|
1925|39|50|04|76|62|
1926|02|20|23|43|51|
1927|71|28|34|29|12|
1928|26|51|64|28|74|
1929|73|60|77|48|20|
1930|08|48|71|75|39|
1931|68|42|54|48|17|
1932|32|27|58|51|14|
1933|67|40|09|60|61|
1934|40|38|63|66|22|
1935|65|64|07|59|08|
1936|22|79|34|21|15|
1937|13|02|80|50|71|
1938|12|42|22|20|79|
1939|70|45|13|35|09|
1940|56|42|63|65|27|
1941|75|50|07|08|09|
1942|45|36|44|66|60|
1943|46|56|12|30|54|
1944|73|55|29|52|46|
1945|57|16|28|61|33|
1946|16|59|26|23|55|
1947|63|62|14|10|75|
1948|16|18|42|54|61|
1949|56|47|80|51|54|
1950|49|53|07|71|18|
1951|76|75|29|01|09|
1952|52|11|44|80|13|
1953|43|05|75|24|63|
1954|03|18|14|73|67|
1955|27|28|71|59|55|
1956|68|51|72|37|43|
1957|20|22|39|30|53|
1958|73|32|77|44|49|
1959|06|33|47|60|03|
1960|28|09|15|13|59|
1961|33|10|42|32|27|
1962|72|79|19|21|43|
1963|52|36|07|11|30|
1964|76|11|05|01|72|
1965|31|23|07|19|37|
1966|19|32|08|10|20|
1967|35|29|02|78|27|
1968|15|03|24|65|75|
1969|16|60|80|05|26|
1970|40|55|50|29|04|
1971|13|19|23|30|32|
1972|31|11|38|52|29|
1973|62|36|71|56|53|
1974|14|54|57|76|49|
1975|31|07|75|78|66|
1976|78|63|51|49|19|
1977|42|76|44|05|29|
1978|57|60|24|21|37|
1979|35|37|10|30|65|
1980|08|68|37|43|45|
1981|80|24|74|06|68|
1982|50|24|26|07|66|
1983|38|24|26|80|47|
1984|05|31|53|33|73|
1985|74|67|27|69|29|
1986|12|03|67|54|52|
1987|65|66|34|70|28|
1988|15|50|46|76|42|
1989|69|40|03|15|80|
1990|27|63|43|24|80|
1991|58|04|03|53|66|
1992|42|33|09|23|40|
1993|21|04|57|26|35|
1994|09|25|69|32|40|
1995|31|03|79|50|75|
1996|08|56|65|11|22|
1997|30|18|08|70|44|
1998|16|70|15|01|73|
1999|45|18|41|46|02|
2000|29|05|72|62|59|
2001|64|13|66|26|11|
2002|15|08|19|44|56|
2003|53|32|52|41|06|
2004|69|76|75|11|27|
2005|30|60|78|71|10|
2006|14|77|02|10|55|
2007|04|13|01|72|22|
2008|70|44|41|01|38|
2009|54|21|66|30|71|
2010|74|64|42|23|53|
2011|49|45|22|07|42|
2012|13|58|70|25|14|
2013|66|27|11|26|18|
2014|03|62|24|56|35|
2015|10|08|71|44|61|
2016|12|40|76|49|56|
2017|32|26|51|21|39|
2018|67|27|37|70|46|
2019|35|47|10|45|03|
2020|12|19|20|34|10|
2021|55|31|58|34|67|
2022|35|74|60|56|33|
2023|43|15|80|28|04|
2024|53|39|42|36|19|
2025|68|35|45|74|59|
2026|58|43|45|80|03|
2027|49|75|26|01|19|
2028|06|52|21|01|63|
2029|61|04|31|66|18|
2030|72|28|21|46|71|
2031|61|13|76|41|10|
2032|71|02|60|46|78|
2033|60|09|06|57|16|
2034|64|63|52|44|08|
2035|30|02|14|64|59|
2036|60|73|39|16|58|
2037|12|56|02|01|16|
2038|71|72|33|29|54|
2039|39|73|14|45|66|
2040|17|10|27|25|31|
2041|02|12|16|04|73|
2042|51|35|45|16|31|
2043|17|19|02|09|49|
2044|03|65|78|06|32|
2045|07|72|54|02|47|
2046|72|49|74|29|20|
2047|62|50|04|30|43|
2048|38|72|77|05|12|
2049|76|27|58|40|44|
2050|32|50|27|14|30|
2051|16|76|61|45|75|
2052|37|63|79|17|40|
2053|77|38|24|16|39|
2054|66|30|29|11|34|
2055|48|20|65|64|39|
2056|65|72|43|05|40|
2057|11|23|77|41|42|
2058|11|77|17|48|52|
2059|04|60|72|68|07|
2060|16|51|40|15|69|
2061|20|52|36|63|44|
2062|34|22|10|72|09|
2063|04|70|01|79|08|
2064|71|08|79|20|38|
2065|11|28|13|03|10|
2066|45|72|29|51|08|
2067|60|58|18|15|59|
2068|72|45|18|41|68|
2069|36|05|07|25|63|
2070|03|35|52|53|66|
2071|64|14|13|53|54|
2072|32|17|48|76|34|
2073|73|75|55|78|40|
2074|50|30|23|79|07|
2075|11|49|52|28|33|
2076|74|60|19|55|20|
2077|78|42|50|02|46|
2078|41|60|58|09|13|
2079|34|04|30|11|62|
2080|47|72|06|03|30|
2081|48|80|16|17|73|
2082|25|07|73|20|36|
2083|02|13|22|34|61|
2084|72|47|51|68|15|
2085|27|40|71|01|30|
2086|64|63|66|45|15|
2087|59|60|80|10|33|
2088|70|47|69|42|52|
2089|31|34|71|56|54|
2090|44|68|45|51|23|
2091|09|02|01|04|67|
2092|14|69|28|48|67|
2093|11|07|46|53|55|
2094|04|56|57|62|65|
2095|26|34|37|45|44|
2096|57|03|55|54|51|
2097|40|43|37|50|58|
2098|07|61|13|32|17|
2099|01|27|57|77|32|
2100|62|04|74|06|07|
2101|09|42|79|60|72|
2102|78|05|35|44|11|
2103|01|05|80|25|08|
2104|36|09|79|41|28|
2105|56|02|61|20|27|
2106|62|55|75|41|80|
2107|62|14|72|61|64|
2108|75|51|47|61|62|
2109|33|40|13|69|57|
2110|52|70|12|65|10|
2111|50|17|49|78|51|
2112|61|49|71|75|64|
2113|74|20|58|01|04|
2114|20|64|74|76|21|
2115|21|60|07|72|75|
2116|16|18|80|37|26|
2117|45|19|35|77|60|
2118|21|17|42|25|14|
2119|66|16|46|51|44|
2120|38|50|13|20|02|
2121|70|09|40|25|37|
2122|80|07|19|40|63|
2123|31|36|22|77|12|
2124|70|27|73|54|44|
2125|06|67|56|11|04|
2126|66|58|68|02|47|
2127|05|59|27|46|26|
2128|09|47|46|72|17|
2129|61|16|53|74|48|
2130|52|41|55|06|37|
2131|60|73|35|63|13|
2132|03|39|22|69|13|
2133|38|80|14|39|22|
2134|21|13|66|80|64|
2135|07|40|45|10|49|
2136|20|03|68|58|45|
2137|69|72|09|13|58|
2138|52|56|70|19|74|
2139|72|77|53|46|79|
2140|62|52|67|22|05|
2141|52|15|72|21|13|
2142|44|34|60|28|06|
2143|20|74|51|62|01|
2144|09|53|07|67|06|
2145|08|06|46|37|53|
2146|46|42|35|15|04|
2147|07|29|40|41|53|
2148|57|38|21|59|10|
2149|06|67|60|42|38|
2150|49|15|28|80|61|
2151|22|60|78|58|41|
2152|01|70|18|50|20|
2153|29|54|59|44|36|
2154|07|71|76|74|68|
2155|08|34|18|35|67|
2156|43|32|77|02|10|
2157|72|73|39|04|02|
2158|14|65|29|47|10|
2159|16|43|30|34|51|
2160|22|74|63|03|68|
2161|77|68|49|59|75|
2162|02|50|54|18|35|
2163|60|17|42|15|05|
2164|48|41|76|71|22|
2165|45|46|16|77|50|
2166|25|28|37|56|22|
2167|03|70|78|12|04|
2168|01|53|38|77|32|
2169|15|25|30|78|26|
2170|48|39|01|56|31|
2171|68|60|52|73|21|
2172|24|78|62|13|61|
2173|52|20|79|48|80|
2174|44|04|02|30|37|
2175|27|47|73|05|22|
2176|42|64|25|44|69|
2177|01|59|72|69|52|
2178|61|10|80|62|45|
2179|17|01|04|54|55|
2180|05|61|26|59|20|
2181|69|63|62|45|07|
2182|10|34|58|75|80|
2183|16|70|39|76|50|
2184|03|18|63|16|02|
2185|20|04|64|80|15|
2186|79|25|24|48|52|
2187|62|25|44|04|35|
2188|08|12|36|59|26|
2189|36|77|22|68|41|
2190|79|57|70|20|40|
2191|16|39|29|70|32|
2192|23|32|73|42|24|
2193|54|19|47|41|10|
2194|19|62|02|31|05|
2195|29|19|32|30|22|
2196|76|64|20|41|17|
2197|01|33|04|49|03|
2198|66|17|67|75|06|
2199|12|71|51|65|10|
2200|68|64|09|37|03|
2201|33|72|45|43|65|
2202|68|37|80|74|17|
2203|65|56|13|01|42|
2204|68|41|70|18|02|
2205|50|59|25|72|04|
2206|03|48|28|01|69|
2207|05|29|50|19|10|
2208|44|09|63|17|50|
2209|63|01|28|50|74|
2210|12|40|33|67|34|
2211|54|56|06|49|51|
2212|62|31|20|79|13|
2213|43|74|68|15|75|
2214|10|15|14|63|73|
2215|40|57|41|29|70|
2216|33|09|39|08|51|
2217|51|09|18|56|27|
2218|09|21|75|39|47|
2219|30|53|14|51|71|
2220|42|46|56|31|12|
2221|14|30|76|19|72|
2222|19|67|06|46|09|
2223|13|65|39|06|43|
2224|14|10|37|74|61|
2225|68|03|12|04|13|
2226|80|72|29|53|45|
2227|01|03|53|39|59|
2228|13|77|19|34|69|
2229|08|02|69|20|24|
2230|43|42|76|12|79|
2231|56|06|50|16|31|
2232|75|09|33|60|70|
2233|18|67|53|79|59|
2234|73|08|29|59|39|
2235|49|59|07|11|41|
2236|13|46|47|18|37|
2237|55|20|19|30|78|
2238|68|47|20|18|25|
2239|42|03|01|31|37|
2240|76|46|55|54|39|
2241|54|62|37|14|06|
2242|46|43|71|66|40|
2243|71|42|36|51|78|
2244|43|36|41|17|37|
2245|36|53|79|73|04|
2246|08|75|55|26|04|
2247|51|32|14|38|60|
2248|14|76|24|79|11|
2249|07|59|35|71|54|
2250|67|41|27|71|72|
2251|61|75|33|44|25|
2252|50|32|19|43|52|
2253|15|01|14|23|30|
2254|55|43|79|80|50|
2255|23|02|37|58|72|
2256|79|15|62|58|26|
2257|10|11|47|05|65|
2258|80|48|16|21|06|
2259|47|06|37|21|09|
2260|75|03|74|78|39|
2261|55|69|43|35|40|
2262|50|10|05|36|60|
2263|25|75|31|71|06|
2264|02|38|10|73|49|
2265|13|19|27|44|30|
2266|28|26|60|06|15|
2267|29|18|24|77|66|
2268|78|40|11|27|22|
2269|23|31|29|11|44|
2270|37|09|27|76|67|
2271|43|70|44|48|69|
2272|12|22|40|33|56|
2273|42|54|03|37|70|
2274|65|19|31|62|44|
2275|23|40|73|49|28|
2276|28|41|79|58|60|
2277|24|25|31|04|23|
2278|11|15|25|06|48|
2279|75|77|80|51|53|
2280|26|68|24|28|48|
2281|75|52|33|41|56|
2282|44|76|79|71|57|
2283|02|15|36|05|62|
2284|05|80|28|39|75|
2285|29|77|66|69|22|
2286|77|02|71|57|53|
2287|70|79|14|69|21|
2288|24|07|09|80|22|
2289|63|78|08|38|40|
2290|02|10|58|13|55|
2291|59|02|39|06|73|
2292|51|44|75|54|55|
2293|44|13|39|29|31|
2294|26|09|36|54|20|
2295|33|11|67|13|20|
2296|47|27|36|62|12|
2297|09|62|59|74|27|
2298|10|68|74|61|53|
2299|47|14|10|08|48|
2300|54|25|62|12|05|
2301|06|02|73|76|54|
2302|39|69|33|32|10|
2303|69|06|80|68|57|
2304|57|80|31|79|18|
2305|35|61|68|67|08|
2306|45|12|71|69|77|
2307|80|29|75|36|15|
2308|17|46|29|20|79|
2309|20|63|57|66|06|
2310|42|15|43|34|16|
2311|64|18|27|50|63|
2312|02|37|67|09|66|
2313|41|66|31|35|75|
2314|07|23|58|49|65|
2315|23|57|08|15|01|
2316|77|73|37|62|31|
2317|51|21|28|58|29|
2318|23|11|70|29|62|
2319|23|60|18|15|34|
2320|43|44|57|80|06|
2321|67|19|66|78|55|
2322|33|14|13|08|59|
2323|55|11|37|68|62|
2324|17|68|23|10|45|
2325|37|10|13|03|80|
2326|28|09|62|14|56|
2327|77|29|11|26|12|
2328|24|08|72|39|31|
2329|33|31|63|67|72|
2330|22|17|01|38|67|
2331|78|69|75|53|38|
2332|44|17|25|21|75|
2333|06|65|40|35|53|
2334|44|15|05|01|27|
2335|72|19|75|07|78|
2336|17|39|76|45|14|
2337|44|70|58|42|62|
2338|72|18|52|21|60|
2339|10|38|07|06|48|
2340|14|15|36|29|04|
2341|05|64|10|26|06|
2342|32|44|43|04|52|
2343|33|39|57|13|64|
2344|74|34|78|45|24|
2345|77|43|55|31|46|
2346|18|39|05|37|58|
2347|07|75|62|64|56|
2348|54|70|48|32|51|
2349|25|09|31|26|40|
2350|33|04|55|27|19|
2351|52|08|60|12|48|
2352|30|75|68|32|25|
2353|56|13|39|72|02|
2354|18|72|25|09|65|
2355|65|18|36|79|49|
2356|45|17|37|03|36|
2357|19|01|40|53|07|
2358|11|39|49|44|71|
2359|05|42|40|57|53|
2360|28|61|26|71|10|
2361|42|29|63|80|10|
2362|54|68|10|51|28|
2363|11|73|58|79|49|
2364|57|18|34|74|12|
2365|66|64|72|47|41|
2366|49|17|40|04|38|
2367|07|68|41|49|11|
2368|59|54|01|20|71|
2369|64|41|56|30|19|
2370|75|34|76|71|78|
2371|25|12|55|80|30|
2372|37|05|40|03|48|
2373|15|42|40|52|34|
2374|16|08|63|72|58|
2375|69|23|14|19|68|
2376|43|48|74|10|37|
2377|33|05|58|38|78|
2378|44|57|66|01|04|
2379|43|25|34|28|56|
2380|38|25|23|16|53|
2381|30|34|40|69|32|
2382|33|35|68|42|03|
2383|37|31|71|51|18|
2384|22|48|13|15|43|
2385|35|73|58|77|64|
2386|31|17|30|39|75|
2387|79|25|69|78|32|
2388|76|33|17|15|73|
2389|25|52|35|60|57|
2390|66|05|09|74|62|
2391|39|73|08|17|06|
2392|30|19|43|31|52|
2393|38|41|02|44|34|
2394|22|05|62|07|40|
2395|35|40|74|17|46|
2396|68|06|73|14|66|
2397|19|05|72|69|37|
2398|60|12|18|40|39|
2399|51|52|56|23|25|
2400|73|70|40|05|01|
2401|49|53|19|02|69|
2402|25|04|45|41|09|
2403|63|13|26|10|38|
2404|41|54|33|48|05|
2405|05|10|49|61|33|
2406|15|11|47|53|09|
2407|36|26|12|75|45|
2408|19|69|04|71|29|
2409|35|44|41|47|31|
2410|37|65|79|72|49|
2411|35|22|59|26|66|
2412|17|37|33|19|71|
2413|11|68|05|79|60|
2414|56|16|03|02|73|
2415|47|28|73|40|05|
2416|71|53|33|79|56|
2417|72|07|73|15|01|
2418|47|01|73|58|64|
2419|10|61|73|08|07|
2420|67|77|55|34|72|
2421|18|54|55|31|15|
2422|61|16|80|36|10|
2423|66|65|76|38|61|
2424|60|41|43|01|33|
2425|77|66|48|64|13|
2426|36|15|31|26|43|
2427|17|37|10|13|38|
2428|56|52|37|65|49|
2429|15|47|29|26|79|
2430|78|43|40|44|30|
2431|09|66|71|11|77|
2432|66|59|41|25|74|
2433|38|76|64|01|53|
2434|11|30|37|70|46|
2435|30|17|28|37|46|
2436|78|13|75|58|47|
2437|33|79|37|44|50|
2438|60|14|25|29|77|
2439|01|70|80|59|31|
2440|11|25|50|08|26|
2441|11|75|25|01|30|
2442|03|35|31|29|48|
2443|46|53|75|70|01|
2444|06|38|53|24|25|
2445|32|05|01|71|53|
2446|60|49|58|04|51|
2447|22|39|55|09|38|
2448|47|28|56|14|17|
2449|02|76|42|11|28|
2450|20|42|49|72|33|
2451|20|36|01|61|31|
2452|32|47|69|26|14|
2453|62|55|25|69|24|
2454|39|33|48|65|77|
2455|05|35|62|58|29|
2456|31|54|72|01|44|
2457|31|78|68|21|62|
2458|15|39|11|26|29|
2459|29|62|65|21|60|
2460|11|18|53|56|26|
2461|02|17|74|22|75|
2462|30|47|55|58|28|
2463|01|53|48|62|42|
2464|52|08|67|30|25|
2465|01|79|57|15|20|
2466|52|23|01|53|10|
2467|07|33|36|05|38|
2468|69|74|56|78|75|
2469|20|34|04|56|25|
2470|57|25|20|04|02|
2471|78|40|80|41|23|
2472|61|69|48|66|72|
2473|31|19|41|47|55|
2474|39|69|15|40|11|
2475|05|56|18|22|34|
2476|59|18|69|29|26|
2477|33|23|44|04|46|
2478|61|60|76|02|64|
2479|52|46|04|38|72|
2480|01|31|48|78|44|
2481|31|27|63|18|78|
2482|26|47|20|17|19|
2483|02|42|75|52|13|
2484|57|72|59|52|22|
2485|18|05|58|32|64|
2486|69|72|28|41|11|
2487|50|01|57|30|65|
2488|55|49|26|02|04|
2489|56|24|29|07|35|
2490|48|15|52|58|41|
2491|50|37|44|32|58|
2492|14|28|39|77|71|
2493|60|64|02|31|14|
2494|52|79|07|12|68|
2495|12|18|26|31|33|
2496|28|33|03|52|57|
2497|53|75|44|10|31|
2498|45|47|07|08|62|
2499|55|64|28|13|09|
2500|28|68|70|66|61|
2501|73|54|41|04|39|
2502|49|08|64|63|31|
2503|43|68|37|75|39|
2504|55|26|47|54|79|
2505|39|25|52|53|38|
2506|55|44|80|49|47|
2507|31|60|62|76|73|
2508|60|23|26|17|12|
2509|69|70|13|71|61|
2510|34|71|50|78|77|
2511|39|53|03|45|21|
2512|66|31|79|39|46|
2513|16|50|26|47|78|
2514|61|27|58|15|30|
2515|18|41|24|76|67|
2516|06|28|38|77|37|
2517|14|68|10|22|77|
2518|06|32|47|78|54|
2519|39|49|31|54|33|
2520|07|52|06|51|14|
2521|59|10|64|40|74|
2522|47|76|52|45|73|
2523|36|68|67|57|38|
2524|06|05|41|76|04|
2525|76|29|47|33|63|
2526|43|34|21|37|71|
2527|19|44|37|01|48|
2528|50|49|54|11|48|
2529|71|77|23|75|32|
2530|38|64|18|11|04|
2531|28|78|55|05|58|
2532|73|07|74|60|04|
2533|18|08|47|04|78|
2534|07|57|04|52|33|
2535|07|55|37|25|26|
2536|75|24|73|14|27|
2537|77|12|46|72|48|
2538|48|76|70|22|31|
2539|50|78|29|22|58|
2540|37|76|51|49|42|
2541|62|14|07|24|68|
2542|74|36|48|71|52|
2543|34|28|48|64|08|
2544|16|61|21|28|19|
2545|08|80|55|74|01|
2546|23|53|36|33|06|
2547|62|74|15|80|26|
2548|73|52|10|75|04|
2549|40|22|39|25|17|
2550|68|76|17|50|21|
2551|04|46|15|05|60|
2552|63|41|42|69|39|
2553|22|38|57|62|01|
2554|63|03|62|66|69|
2555|38|36|10|51|80|
2556|52|05|26|20|80|
2557|27|05|50|62|30|
2558|12|75|40|39|70|
2559|60|70|34|55|37|
2560|24|10|02|34|14|
2561|52|51|02|26|65|
2562|10|15|04|54|48|
2563|66|67|58|75|44|
2564|60|22|15|34|61|
2565|04|49|46|48|65|
2566|55|15|43|37|25|
2567|77|48|53|79|06|
2568|69|19|73|46|07|
2569|21|11|04|53|10|
2570|75|36|78|39|79|
2571|51|28|77|59|68|
2572|34|77|16|28|64|
2573|10|59|37|26|33|
2574|13|50|32|06|47|
2575|13|07|11|35|26|
2576|28|46|39|33|74|
2577|68|27|15|40|76|
2578|73|51|04|13|72|
2579|78|74|33|46|72|
2580|45|48|20|38|40|
2581|36|22|79|41|05|
2582|70|29|67|58|15|
2583|60|35|23|22|10|
2584|55|23|75|35|50|
2585|34|10|55|04|05|
2586|28|44|55|39|18|
2587|39|28|80|58|12|
2588|62|18|77|59|72|
2589|40|62|75|18|66|
2590|50|69|68|22|23|
2591|55|46|70|57|49|
2592|54|42|68|63|57|
2593|02|05|27|29|80|
2594|62|42|44|32|52|
2595|43|29|68|40|62|
2596|18|59|65|05|49|
2597|50|33|69|52|70|
2598|50|76|39|67|49|
2599|44|16|31|68|36|
2600|08|80|43|65|01|
2601|35|65|05|12|29|
2602|13|04|14|05|17|
2603|76|28|55|06|36|
2604|78|29|25|71|72|
2605|53|79|67|73|34|
2606|65|20|79|36|59|
2607|27|67|20|48|29|
2608|63|03|54|49|08|
2609|35|01|79|11|77|
2610|45|21|18|47|43|
2611|32|25|64|80|51|
2612|75|03|34|22|72|
2613|02|41|15|61|38|
2614|04|30|80|29|21|
2615|47|31|19|49|65|
2616|40|15|07|16|43|
2617|12|16|50|35|07|
2618|01|53|13|72|54|
2619|42|05|66|06|04|
2620|39|22|40|05|56|
2621|61|49|80|28|30|
2622|09|27|74|55|63|
2623|62|52|03|10|60|
2624|71|32|57|62|49|
2625|56|29|17|61|20|
2626|37|42|64|48|71|
2627|68|14|28|15|58|
2628|37|49|04|68|51|
2629|43|48|45|66|69|
2630|58|41|48|07|62|
2631|10|64|24|05|51|
2632|52|65|59|16|56|
2633|14|02|35|28|48|
2634|10|44|56|71|23|
2635|20|40|62|50|04|
2636|29|48|62|36|35|
2637|27|46|26|75|51|
2638|24|26|35|75|08|
2639|37|23|24|78|49|
2640|67|12|04|57|26|
2641|36|05|73|21|45|
2642|59|22|63|62|77|
2643|68|23|33|73|03|
2644|72|71|28|79|33|
2645|76|31|46|23|47|
2646|53|67|43|09|22|
2647|37|59|16|53|32|
2648|69|54|39|52|63|
2649|60|20|58|11|18|
2650|47|08|74|29|19|
2651|06|16|10|49|78|
2652|60|41|57|80|68|
2653|48|23|78|18|79|
2654|53|41|02|72|71|
2655|66|74|64|16|77|
2656|26|45|13|63|68|
2657|25|27|09|12|06|
2658|42|08|28|68|51|
2659|49|12|62|38|26|
2660|03|10|70|40|09|
2661|67|03|34|17|16|
2662|02|53|21|59|74|
2663|48|80|59|55|45|
2664|47|39|66|02|23|
2665|44|68|23|79|54|
2666|07|05|16|25|26|
2667|27|57|38|28|44|
2668|22|54|16|77|67|
2669|61|22|19|26|20|
2670|01|54|70|36|46|
2671|19|50|18|67|54|
2672|56|09|60|64|22|
2673|72|23|03|32|80|
2674|39|06|30|40|09|
2675|31|59|47|36|46|
2676|45|35|60|34|16|
2677|69|50|56|34|54|
2678|32|63|09|54|24|
2679|64|77|42|45|32|
2680|12|70|55|27|49|
2681|73|35|69|42|62|
2682|74|34|63|23|73|
2683|17|06|25|26|76|
2684|13|62|52|04|51|
2685|30|80|53|64|59|
2686|04|78|20|28|60|
2687|63|24|41|05|18|
2688|40|36|13|56|55|
2689|21|04|79|76|18|
2690|19|31|46|70|36|
2691|24|67|15|16|27|
2692|51|77|35|71|79|
2693|34|43|04|06|22|
2694|32|55|44|35|65|
2695|55|72|46|02|50|
2696|62|40|79|28|76|
2697|18|13|09|07|24|
2698|24|76|66|30|18|
2699|72|71|50|28|57|
2700|08|71|69|14|79|
2701|38|43|70|76|60|
2702|51|31|59|73|77|
2703|12|68|43|46|25|
2704|53|52|76|48|15|
2705|67|79|03|01|05|
2706|46|67|29|28|40|
2707|29|67|15|11|48|
2708|19|57|51|30|36|
2709|68|35|03|78|75|
2710|60|11|34|31|43|
2711|52|57|70|68|45|
2712|70|08|41|40|80|
2713|76|36|42|07|49|
2714|35|20|59|77|04|
2715|52|56|06|46|53|
2716|31|78|29|25|09|
2717|26|55|56|18|46|
2718|18|59|49|60|30|
2719|60|67|40|11|04|
2720|02|75|08|60|33|
2721|43|20|65|32|29|
2722|29|56|36|25|70|
2723|47|75|04|51|63|
2724|30|79|57|66|51|
2725|42|10|48|60|12|
2726|04|12|61|62|17|
2727|61|65|22|70|66|
2728|52|36|23|69|34|
2729|43|51|16|59|76|
2730|35|47|79|76|45|
2731|04|68|19|10|79|
2732|24|28|47|35|31|
2733|67|40|66|77|72|
2734|42|40|66|34|49|
2735|42|03|75|77|08|
2736|13|42|14|58|61|
2737|28|08|74|31|13|
2738|31|55|60|53|68|
2739|01|11|27|15|65|
2740|64|49|22|63|30|
2741|40|77|68|08|30|
2742|15|48|20|75|79|
2743|56|77|69|43|15|
2744|41|14|36|29|28|
2745|01|30|71|57|42|
2746|26|31|80|39|45|
2747|38|66|36|19|54|
2748|77|37|18|26|49|
2749|27|20|79|72|75|
2750|16|50|73|78|02|
2751|51|23|71|49|15|
2752|33|77|37|28|08|
2753|50|46|23|63|75|
2754|47|71|27|61|15|
2755|67|08|33|04|72|
2756|03|23|04|57|34|
2757|07|73|49|29|72|
2758|74|13|73|24|65|
2759|56|55|14|27|26|
2760|64|16|09|17|58|
2761|63|50|79|44|46|
2762|78|03|63|46|17|
2763|04|60|61|26|03|
2764|52|40|70|38|17|
2765|20|07|64|53|02|
2766|39|77|58|28|59|
2767|09|42|76|74|78|
2768|49|75|56|07|18|
2769|53|72|66|58|20|
2770|75|28|22|58|51|
2771|12|42|17|72|02|
2772|47|31|46|60|67|
2773|36|06|16|29|54|
2774|05|31|45|74|44|
2775|61|56|10|36|74|
2776|74|68|04|53|35|
2777|45|67|27|42|41|
2778|29|56|18|68|53|
2779|29|72|17|05|49|
2780|33|70|09|48|46|
2781|13|08|55|53|54|
2782|59|08|34|61|27|
2783|35|79|71|27|12|
2784|49|05|74|29|42|
2785|06|33|62|53|43|
2786|45|20|42|35|57|
2787|75|27|32|59|08|
2788|79|46|03|24|35|
2789|79|40|10|11|45|
2790|75|12|43|01|69|
2791|38|16|32|67|01|
2792|47|64|65|77|29|
2793|56|13|19|62|35|
2794|53|60|29|01|57|
2795|73|27|74|26|33|
2796|78|42|50|43|19|
2797|39|65|24|45|64|
2798|22|79|68|09|72|
2799|23|80|35|48|40|
2800|45|18|47|13|35|
2801|01|20|26|23|18|
2802|16|24|14|12|74|
2803|80|36|41|02|06|
2804|17|69|10|57|40|
2805|21|43|29|69|12|
2806|55|72|17|31|54|
2807|50|39|53|65|18|
2808|59|53|38|78|74|
2809|76|31|58|23|47|
2810|44|76|45|59|12|
2811|16|19|62|69|59|
2812|54|79|80|50|63|
2813|38|06|52|31|23|
2814|29|52|38|39|01|
2815|46|04|77|40|34|
2816|46|77|75|57|20|
2817|71|53|01|78|61|
2818|60|74|71|23|66|
2819|17|71|33|41|54|
2820|06|58|45|29|44|
2821|68|78|79|24|01|
2822|15|74|41|25|39|
2823|10|23|57|02|16|
2824|01|45|48|61|60|
2825|52|63|18|35|26|
2826|16|12|30|48|29|
2827|57|20|73|75|54|
2828|23|79|33|22|80|
2829|44|27|42|41|35|
2830|22|41|73|24|69|
2831|43|54|34|14|23|
2832|24|47|61|16|68|
2833|62|41|52|78|24|
2834|06|58|49|30|27|
2835|77|38|14|58|15|
2836|43|57|03|15|68|
2837|60|49|66|70|57|
2838|21|10|09|32|59|
2839|45|52|48|73|13|
2840|40|18|71|37|44|
2841|56|39|14|68|47|
2842|37|36|68|44|32|
2843|24|11|79|31|27|
2844|29|39|75|03|21|
2845|05|40|31|43|49|
2846|23|19|45|61|77|
2847|52|39|37|45|71|
2848|62|39|15|55|33|
2849|21|56|67|68|77|
2850|39|20|70|52|28|
2851|15|14|08|24|28|
2852|48|33|01|27|20|
2853|20|06|10|03|76|
2854|11|10|55|53|06|
2855|04|49|65|71|11|
2856|67|28|64|79|05|
2857|03|65|40|72|45|
2858|62|63|23|37|72|
2859|76|10|77|42|31|
2860|19|58|70|74|55|
2861|69|05|39|58|17|
2862|03|53|75|15|19|
2863|35|66|61|39|47|
2864|66|76|21|71|35|
2865|17|65|16|37|69|
2866|47|21|65|53|17|
2867|59|37|45|18|12|
2868|74|23|40|27|25|
2869|36|23|65|64|73|
2870|61|02|26|74|42|
2871|08|70|39|77|30|
2872|06|33|54|13|15|
2873|50|76|58|37|65|
2874|23|48|53|71|16|
2875|71|05|37|53|24|
2876|46|15|70|53|73|
2877|20|61|58|10|73|
2878|06|77|32|76|05|
2879|80|38|31|76|30|
2880|69|67|62|59|73|
2881|32|48|79|80|45|
2882|42|28|70|34|24|
2883|61|76|50|60|28|
2884|65|44|28|76|72|
2885|29|61|12|73|69|
2886|18|01|53|56|30|
2887|50|71|43|08|23|
2888|09|19|72|73|35|
2889|22|51|66|59|20|
2890|05|58|27|70|17|
2891|77|13|17|62|05|
2892|10|50|37|59|61|
2893|42|69|14|59|53|
2894|22|16|49|11|53|
2895|22|74|21|35|17|
2896|77|23|26|04|05|
2897|51|11|50|33|76|
2898|67|72|77|47|02|
2899|55|43|51|68|71|
2900|56|20|61|36|54|
2901|02|01|36|73|20|
2902|48|74|42|75|46|
2903|24|39|15|04|66|
2904|59|54|36|12|73|
2905|43|24|14|78|05|
2906|75|66|65|05|68|
2907|36|16|61|53|44|
2908|21|17|13|62|48|
2909|30|12|40|61|27|
2910|11|73|30|28|63|
2911|25|57|40|50|46|
2912|57|50|70|35|44|
2913|64|05|15|65|26|
2914|22|44|35|13|09|
2915|14|80|17|07|74|
2916|38|02|33|51|70|
2917|06|48|57|71|01|
2918|59|30|26|27|15|
2919|72|63|23|05|51|
2920|72|52|67|64|10|
2921|33|30|18|03|69|
2922|75|40|19|80|24|
2923|19|50|37|72|13|
2924|29|04|65|59|57|
2925|51|02|27|04|36|
2926|62|42|36|75|24|
2927|73|48|51|14|63|
2928|37|26|80|19|14|
2929|27|32|80|57|61|
2930|05|27|01|62|67|
2931|64|27|73|05|32|
2932|59|27|45|10|37|
2933|68|64|18|08|59|
2934|60|71|49|42|46|
2935|18|46|29|21|74|
2936|66|57|29|39|30|
2937|43|57|69|03|29|
2938|42|35|39|37|04|
2939|16|07|62|19|55|
2940|69|75|29|40|25|
2941|53|79|17|05|32|
2942|61|27|65|59|09|
2943|48|10|78|26|22|
2944|25|10|11|48|02|
2945|75|11|01|39|41|
2946|62|22|08|24|10|
2947|26|48|66|71|08|
2948|40|29|44|50|74|
2949|54|73|79|14|71|
2950|57|27|50|34|61|
2951|75|37|28|17|14|
2952|65|02|52|77|75|
2953|10|23|55|69|06|
2954|20|51|14|31|03|
2955|60|75|19|39|54|
2956|17|41|47|10|50|
2957|07|69|21|23|75|
2958|12|55|17|37|64|
2959|66|01|47|63|15|
2960|05|07|01|56|30|
2961|23|51|79|28|33|
2962|17|20|60|68|02|
2963|56|55|73|46|52|
2964|03|49|27|43|72|
2965|15|28|48|79|08|
2966|09|63|33|02|41|
2967|07|62|34|59|19|
2968|25|31|75|27|35|
2969|57|15|30|14|18|
2970|69|07|74|72|32|
2971|13|66|49|24|26|
2972|70|36|45|40|57|
2973|21|41|69|36|58|
2974|78|72|11|64|08|
2975|56|15|49|65|25|
2976|67|33|01|40|75|
2977|17|05|80|18|28|
2978|79|39|31|60|05|
2979|74|50|35|16|49|
2980|05|42|79|78|59|
2981|34|73|51|58|61|
2982|13|67|74|05|68|
2983|79|71|41|21|11|
2984|75|31|69|71|45|
2985|35|70|43|61|02|
