1|04|05|30|33|41|52|
2|09|37|39|41|43|49|
3|10|11|29|30|36|47|
4|01|05|06|27|42|59|
5|01|02|06|16|19|46|
6|07|13|19|22|40|47|
7|03|05|20|21|38|56|
8|04|17|37|38|47|53|
9|08|43|54|55|56|60|
10|04|18|21|25|38|57|
11|15|25|37|38|58|59|
12|04|16|19|20|27|43|
13|18|32|47|50|54|56|
14|02|16|23|27|47|53|
15|12|33|35|51|52|60|
16|20|32|34|49|58|60|
17|06|10|13|19|20|51|
18|23|27|36|37|42|56|
19|05|10|12|24|25|60|
20|11|25|28|30|33|51|
21|06|33|36|46|49|53|
22|01|09|31|38|46|56|
23|17|37|39|51|52|59|
24|01|08|14|28|33|43|
25|24|43|50|54|55|56|
26|10|22|50|53|57|58|
27|13|17|20|33|44|51|
28|03|06|22|24|54|60|
29|03|08|14|43|56|58|
30|07|14|15|29|38|50|
31|17|19|28|45|48|56|
32|05|14|33|36|43|44|
33|05|17|33|39|42|49|
34|13|15|17|40|53|57|
35|04|16|21|23|54|57|
36|03|13|17|25|29|51|
37|06|07|22|38|52|60|
38|10|42|43|45|54|55|
39|12|16|37|45|52|56|
40|03|05|08|12|46|47|
41|12|26|35|38|39|47|
42|07|11|19|24|33|36|
43|02|06|17|25|26|58|
44|14|18|29|38|44|47|
45|07|30|37|44|53|55|
46|01|23|24|32|46|60|
47|03|17|25|35|48|56|
48|02|05|28|34|47|50|
49|07|13|33|35|43|55|
50|06|16|21|44|57|58|
51|17|23|24|25|42|47|
52|15|30|38|46|58|59|
53|03|13|16|38|42|46|
54|05|09|18|21|36|56|
55|02|14|23|29|38|52|
56|02|07|20|35|51|59|
57|07|16|17|27|34|59|
58|12|27|30|37|44|49|
59|02|08|13|28|34|54|
60|03|14|15|20|21|38|
61|08|18|29|42|44|59|
62|06|08|13|24|31|52|
63|09|25|26|40|41|49|
64|08|12|23|50|54|60|
65|01|05|20|25|32|34|
66|12|13|15|26|33|48|
67|12|14|17|27|47|52|
68|01|03|12|13|53|59|
69|25|34|45|53|56|58|
70|17|23|27|40|43|58|
71|16|27|33|43|45|53|
72|01|19|34|43|44|48|
73|25|26|28|45|51|57|
74|02|24|34|37|38|50|
75|21|24|35|36|37|49|
76|08|17|18|23|33|53|
77|21|29|40|49|54|57|
78|12|22|25|31|32|46|
79|02|13|17|25|31|43|
80|23|28|37|40|48|51|
81|10|23|41|47|54|60|
82|15|18|29|36|51|53|
83|04|15|16|24|42|57|
84|04|06|10|25|34|40|
85|06|15|30|37|45|47|
86|06|21|22|34|36|54|
87|04|05|11|28|32|40|
88|04|18|29|37|43|45|
89|13|34|42|44|55|59|
90|09|21|26|40|52|54|
91|02|04|10|35|39|60|
92|01|03|05|23|24|51|
93|02|22|28|31|36|53|
94|08|18|28|51|52|55|
95|06|40|45|46|50|60|
96|04|07|26|40|42|58|
97|05|11|14|35|53|56|
98|13|14|31|33|35|43|
99|11|24|30|33|46|60|
100|14|29|30|46|48|51|
101|01|18|29|31|37|39|
102|19|20|37|42|44|56|
103|01|07|09|49|54|57|
104|01|04|13|21|38|52|
105|03|13|31|43|46|49|
106|05|16|24|35|38|39|
107|02|04|16|24|51|52|
108|21|24|29|34|59|60|
109|01|13|44|48|49|54|
110|18|31|43|52|57|58|
111|04|22|25|32|33|52|
112|12|20|34|37|42|43|
113|07|26|28|34|54|55|
114|06|12|18|37|47|54|
115|04|06|14|20|24|38|
116|05|13|32|36|42|51|
117|20|25|27|33|42|53|
118|09|22|25|37|56|57|
119|01|21|36|38|47|50|
120|03|16|27|40|45|46|
121|02|29|41|44|53|55|
122|11|17|20|39|43|53|
123|13|14|16|26|32|42|
124|05|15|34|41|52|57|
125|25|41|47|53|56|59|
126|06|10|11|28|32|40|
127|21|29|50|51|54|59|
128|03|09|18|21|23|43|
129|01|09|10|32|46|54|
130|13|29|38|42|49|53|
131|04|09|17|27|30|44|
132|07|09|35|41|44|50|
133|05|06|19|34|39|57|
134|04|25|32|36|52|60|
135|21|22|35|40|53|59|
136|01|17|25|38|45|59|
137|15|16|19|22|26|49|
138|05|14|27|37|40|41|
139|03|13|26|27|41|42|
140|07|31|41|44|46|55|
141|10|13|22|41|42|58|
142|08|15|19|20|54|59|
143|06|18|20|40|50|53|
144|08|32|36|44|45|55|
145|15|16|31|41|43|51|
146|25|32|34|42|51|60|
147|06|16|23|24|28|38|
148|32|35|41|55|58|59|
149|07|11|20|28|45|48|
150|12|44|50|52|54|55|
151|03|16|20|43|52|56|
152|05|12|15|29|51|58|
153|02|30|31|42|45|47|
154|08|10|24|33|45|48|
155|12|30|32|35|43|44|
156|17|23|42|49|52|55|
157|04|13|17|21|41|44|
158|04|14|17|43|51|58|
159|09|11|16|35|50|58|
160|02|13|42|52|54|58|
161|06|25|30|37|39|41|
162|21|23|33|38|48|51|
163|08|27|36|41|53|56|
164|04|10|14|19|28|44|
165|10|19|23|35|39|56|
166|12|13|22|57|59|60|
167|01|11|28|33|38|48|
168|02|09|31|35|45|50|
169|01|13|21|37|51|52|
170|07|41|46|51|55|58|
171|04|27|40|43|46|54|
172|10|14|26|35|36|49|
173|17|28|29|42|49|50|
174|11|22|23|36|52|59|
175|01|10|13|20|42|50|
176|01|03|04|28|45|53|
177|22|35|38|39|41|59|
178|05|15|19|26|27|33|
179|05|06|23|26|27|53|
180|06|23|29|39|51|60|
181|01|27|33|35|51|55|
182|03|05|10|28|46|60|
183|02|07|11|16|40|44|
184|09|16|21|34|41|60|
185|17|22|43|46|55|59|
186|14|23|24|25|26|51|
187|06|36|41|44|48|58|
188|17|27|34|42|43|46|
189|04|15|31|38|41|53|
190|05|10|21|32|40|42|
191|01|03|05|23|41|58|
192|01|26|28|41|54|60|
193|04|11|12|19|43|49|
194|25|28|32|33|42|43|
195|03|09|17|32|37|44|
196|07|09|14|17|24|32|
197|05|12|15|19|29|52|
198|01|08|18|23|35|40|
199|10|16|37|50|52|57|
200|12|15|19|34|44|51|
201|05|20|22|30|35|55|
202|12|24|44|45|49|53|
203|11|19|29|44|47|55|
204|29|31|39|41|51|58|
205|26|32|40|43|46|54|
206|18|20|26|34|51|56|
207|03|07|19|24|53|55|
208|15|23|24|25|47|57|
209|13|21|26|32|41|52|
210|20|32|37|38|48|58|
211|10|20|33|40|45|50|
212|06|15|29|45|57|59|
213|03|09|23|30|32|35|
214|06|12|30|31|35|50|
215|07|28|37|46|53|58|
216|14|18|30|35|42|59|
217|03|27|32|45|49|51|
218|12|17|40|42|47|54|
219|23|26|28|36|42|49|
220|13|14|36|53|55|60|
221|13|27|43|50|54|58|
222|05|19|30|48|52|55|
223|02|06|22|24|28|58|
224|07|16|18|20|21|44|
225|02|04|16|21|37|58|
226|01|02|38|49|50|59|
227|11|26|27|37|42|48|
228|13|16|40|43|45|59|
229|11|13|21|33|39|45|
230|08|40|41|44|53|56|
231|16|27|36|42|44|59|
232|19|22|29|37|41|59|
233|03|07|24|32|36|45|
234|15|25|41|42|45|54|
235|02|22|29|31|41|55|
236|10|25|50|52|57|60|
237|07|31|36|45|56|57|
238|09|13|15|37|41|42|
239|06|21|33|44|46|47|
240|25|28|38|41|57|59|
241|11|31|35|40|56|57|
242|04|07|21|22|28|56|
243|11|16|20|23|32|47|
244|19|24|33|47|50|60|
245|08|27|44|51|53|60|
246|02|16|32|37|43|57|
247|03|10|23|30|34|46|
248|16|32|34|35|41|56|
249|21|36|40|49|54|55|
250|07|25|41|42|43|55|
251|15|23|30|34|49|55|
252|04|17|26|32|51|54|
253|11|12|24|37|44|56|
254|01|04|21|22|30|56|
255|16|19|20|32|44|55|
256|02|21|26|32|34|52|
257|01|04|05|19|28|34|
258|07|12|50|54|55|60|
259|13|15|20|33|43|58|
260|04|06|33|43|59|60|
261|05|16|20|30|54|56|
262|11|20|48|53|58|60|
263|08|09|26|43|50|53|
264|01|05|13|25|31|33|
265|07|16|34|41|50|53|
266|02|23|38|46|48|54|
267|01|08|45|46|55|58|
268|05|06|10|21|33|47|
269|17|18|19|25|49|52|
270|05|09|27|35|40|45|
271|14|24|26|29|31|54|
272|09|10|24|36|56|58|
273|10|17|23|27|47|52|
274|11|13|18|26|39|47|
275|16|19|30|37|38|48|
276|22|39|45|53|57|59|
277|04|26|38|40|52|56|
278|10|15|18|22|31|55|
279|04|23|31|47|58|59|
280|05|16|20|25|30|58|
281|05|11|31|38|47|53|
282|09|14|23|24|33|36|
283|25|28|34|42|48|54|
284|07|08|14|30|32|36|
285|12|32|37|41|50|56|
286|29|35|37|44|47|56|
287|03|13|25|33|47|60|
288|06|09|11|17|18|50|
289|06|07|20|25|30|36|
290|07|25|26|30|40|57|
291|05|16|17|18|22|41|
292|13|23|24|34|45|53|
293|05|06|07|12|28|35|
294|22|25|28|41|45|57|
295|07|12|24|31|44|50|
296|03|20|42|46|51|52|
297|01|20|28|33|36|41|
298|05|22|23|24|34|60|
299|02|05|07|33|49|53|
300|24|27|28|38|41|57|
301|09|26|48|49|57|58|
302|12|25|30|40|41|60|
303|07|13|17|30|37|47|
304|07|11|34|41|42|59|
305|05|11|27|38|53|60|
306|19|30|41|47|56|57|
307|13|16|17|26|41|44|
308|04|11|25|29|39|55|
309|04|11|25|39|50|55|
310|02|14|28|29|31|32|
311|22|24|30|32|38|41|
312|14|23|30|41|47|50|
313|14|16|24|37|38|53|
314|05|32|34|37|40|58|
315|12|21|22|28|43|50|
316|06|24|28|43|51|56|
317|16|20|27|30|35|48|
318|03|19|20|31|40|53|
319|12|16|17|19|23|48|
320|20|22|27|47|50|53|
321|04|11|31|32|48|49|
322|11|18|29|44|47|56|
323|26|31|33|40|49|54|
324|08|15|22|25|30|47|
325|01|03|04|21|23|53|
326|21|23|40|44|51|52|
327|29|32|33|38|46|48|
328|05|07|14|21|23|51|
329|10|11|12|24|35|40|
330|02|04|14|23|37|51|
331|01|13|20|27|35|37|
332|23|28|29|34|42|44|
333|04|27|35|44|52|53|
334|14|23|24|26|41|51|
335|07|23|33|43|57|59|
336|02|18|22|26|30|54|
337|04|14|16|31|52|54|
338|01|04|09|36|46|48|
339|05|12|13|16|27|50|
340|09|10|12|33|42|60|
341|05|16|22|23|43|56|
342|16|29|34|49|51|54|
343|04|06|07|12|24|41|
344|10|12|14|33|35|36|
345|11|22|46|51|56|58|
346|07|12|41|46|56|60|
347|01|10|12|26|48|52|
348|19|30|33|39|40|52|
349|08|09|28|32|38|54|
350|10|15|23|30|43|57|
351|15|16|24|41|59|60|
352|07|20|25|44|47|49|
353|19|23|30|46|55|60|
354|07|16|38|40|41|52|
355|02|14|22|23|37|60|
356|05|19|21|54|56|58|
357|02|30|32|35|45|53|
358|12|17|21|32|40|42|
359|13|19|20|29|31|54|
360|23|24|29|47|53|55|
361|16|28|31|41|45|59|
362|07|20|33|37|46|56|
363|19|29|39|47|49|54|
364|05|29|44|51|57|59|
365|19|23|34|37|52|58|
366|04|06|07|15|21|51|
367|10|12|27|33|49|52|
368|13|29|32|38|44|50|
369|01|14|21|35|42|60|
370|01|04|40|42|51|54|
371|04|18|23|33|39|60|
372|16|17|24|39|46|57|
373|01|05|10|24|31|33|
374|02|05|16|26|44|54|
375|01|05|09|42|51|58|
376|10|13|25|35|43|48|
377|03|12|19|27|45|46|
378|05|38|41|45|48|55|
379|24|33|40|41|55|59|
380|13|22|30|31|47|57|
381|09|10|28|46|55|56|
382|31|34|37|38|53|54|
383|14|22|48|50|53|56|
384|24|28|40|47|50|52|
385|05|12|16|18|22|24|
386|17|35|36|39|43|54|
387|22|28|29|43|47|48|
388|23|36|48|52|53|58|
389|05|14|18|43|46|54|
390|07|12|22|34|38|53|
391|04|07|15|16|35|40|
392|15|23|31|39|47|49|
393|06|12|35|36|40|50|
394|05|15|35|42|45|49|
395|10|11|14|20|31|58|
396|06|18|34|42|45|47|
397|01|02|05|24|32|46|
398|07|16|22|28|36|37|
399|11|16|27|47|55|59|
400|10|13|28|29|54|59|
401|11|18|43|44|50|53|
402|05|16|27|43|56|58|
403|07|16|27|31|46|60|
404|01|24|28|38|40|58|
405|24|29|34|47|57|60|
406|02|12|32|38|47|48|
407|02|18|22|49|51|57|
408|14|28|33|44|49|56|
409|18|25|26|31|34|49|
410|08|24|31|36|38|55|
411|10|12|31|38|45|56|
412|05|12|14|21|45|59|
413|02|04|29|33|35|53|
414|16|26|35|45|52|58|
415|01|04|27|38|42|44|
416|01|13|23|33|54|56|
417|07|12|21|25|34|42|
418|08|15|32|45|49|52|
419|09|16|41|42|52|53|
420|12|29|30|43|57|59|
421|05|35|37|38|45|51|
422|12|37|43|55|56|60|
423|08|22|32|33|40|53|
424|18|27|29|36|46|59|
425|06|10|16|34|42|47|
426|07|30|32|37|50|54|
427|03|13|14|24|43|51|
428|08|28|30|32|46|60|
429|17|26|32|36|43|55|
430|08|10|21|25|38|50|
431|26|37|40|47|52|58|
432|04|13|17|27|39|50|
433|16|17|28|30|36|54|
434|04|10|17|24|30|54|
435|10|11|17|31|37|43|
436|01|06|07|29|48|57|
437|07|10|30|44|54|59|
438|03|05|11|14|38|48|
439|13|20|29|42|43|57|
440|03|05|23|30|46|47|
441|02|10|15|21|58|59|
442|06|15|23|31|37|59|
443|11|17|26|36|48|52|
444|03|24|33|48|52|57|
445|07|20|31|32|50|53|
446|08|11|12|17|20|47|
447|15|24|25|33|42|55|
448|03|05|09|45|51|52|
449|01|08|24|34|49|56|
450|01|09|13|50|51|59|
451|17|18|23|28|31|53|
452|11|16|30|36|51|54|
453|08|20|23|34|52|58|
454|04|17|24|42|46|56|
455|02|14|15|17|50|59|
456|03|17|22|27|33|40|
457|15|17|24|27|32|48|
458|13|24|32|34|43|53|
459|08|15|17|39|43|49|
460|19|23|30|37|49|55|
461|15|17|20|29|30|60|
462|17|19|22|26|27|48|
463|02|03|07|18|45|53|
464|06|24|33|38|45|50|
465|01|22|31|46|51|57|
466|11|16|28|29|30|45|
467|08|18|21|22|38|60|
468|05|06|23|25|39|51|
469|13|21|26|29|42|47|
470|08|11|23|37|51|58|
471|05|31|32|36|51|59|
472|03|04|12|29|38|51|
473|07|23|41|49|51|58|
474|03|12|32|34|40|50|
475|06|08|19|22|43|52|
476|17|20|38|43|55|58|
477|06|08|18|34|38|47|
478|03|08|21|25|30|31|
479|20|26|41|46|54|58|
480|14|33|36|38|41|49|
481|06|13|22|24|42|44|
482|12|13|33|53|54|56|
483|16|18|23|35|44|59|
484|17|18|19|38|49|53|
485|19|28|30|38|52|57|
486|08|14|19|30|42|50|
487|08|22|25|48|52|54|
488|15|30|35|39|43|57|
489|17|28|33|36|53|59|
490|05|11|23|29|54|58|
491|01|09|15|22|43|55|
492|02|06|15|18|56|57|
493|03|18|20|24|42|54|
494|18|20|28|32|49|53|
495|08|15|29|36|49|60|
496|10|19|20|29|41|59|
497|09|13|20|32|41|58|
498|02|06|28|49|50|57|
499|01|04|05|11|44|59|
500|21|29|35|36|38|54|
501|16|27|28|34|39|56|
502|07|13|21|24|33|50|
503|07|10|21|27|48|49|
504|08|11|19|30|39|50|
505|03|20|28|46|47|52|
506|04|15|31|34|37|38|
507|03|05|27|33|44|58|
508|05|10|15|45|46|56|
509|28|32|33|34|35|55|
510|01|04|30|41|45|58|
511|03|04|08|34|36|37|
512|04|08|31|40|53|58|
513|10|19|27|33|39|46|
514|15|36|40|42|51|52|
515|15|16|39|45|48|57|
516|05|13|24|33|34|35|
517|07|08|28|32|38|51|
518|05|08|10|15|18|44|
519|09|15|19|22|36|42|
520|09|12|17|32|34|35|
521|15|25|28|32|38|45|
522|06|14|15|25|49|52|
523|28|39|40|44|45|58|
524|19|29|34|41|47|48|
525|08|10|24|26|32|49|
526|03|21|31|36|55|59|
527|06|14|17|26|50|52|
528|08|12|28|31|34|37|
529|01|13|33|38|45|56|
530|01|06|21|25|32|49|
531|01|03|07|18|35|50|
532|04|09|12|13|52|53|
533|13|18|21|27|53|59|
534|03|08|23|31|48|57|
535|06|14|28|47|49|56|
536|14|15|22|23|25|37|
537|03|07|19|34|37|39|
538|03|25|43|45|52|56|
539|06|16|19|47|50|55|
540|04|22|28|30|44|49|
541|13|27|49|52|57|58|
542|04|06|19|28|35|49|
543|35|37|42|46|49|54|
544|11|17|33|34|47|56|
545|17|29|35|40|43|57|
546|04|05|13|17|46|54|
547|04|13|28|30|53|59|
548|14|47|49|51|58|59|
549|08|13|22|46|51|58|
550|16|17|38|39|45|56|
551|12|21|46|48|56|57|
552|09|22|47|49|52|54|
553|04|43|46|53|54|58|
554|15|29|31|42|47|60|
555|05|23|31|33|45|49|
556|08|10|17|30|33|45|
557|08|12|18|23|38|49|
558|07|14|31|57|58|59|
559|06|13|17|25|36|53|
560|02|11|18|30|32|58|
561|01|20|36|39|49|55|
562|16|23|35|37|55|57|
563|05|08|23|34|44|51|
564|10|13|20|32|38|49|
565|07|31|34|35|37|45|
566|06|13|17|18|20|37|
567|11|31|38|41|57|58|
568|13|17|22|25|29|41|
569|03|09|14|15|32|57|
570|15|32|33|35|36|51|
571|12|13|14|31|50|51|
572|03|09|16|20|33|60|
573|06|17|22|29|40|59|
574|02|10|17|23|32|44|
575|05|18|21|29|35|48|
576|07|08|18|39|43|52|
577|08|23|24|28|31|47|
578|03|18|23|48|56|58|
579|04|09|15|17|34|39|
580|15|16|18|28|38|47|
581|14|17|25|30|39|52|
582|13|29|40|45|51|59|
583|06|07|20|41|43|55|
584|07|08|23|30|32|53|
585|12|24|33|36|39|57|
586|11|13|38|39|45|54|
587|02|18|29|30|36|60|
588|11|13|45|46|53|55|
589|06|07|08|13|33|59|
590|04|05|18|25|28|51|
591|01|03|18|34|50|58|
592|13|14|42|47|55|59|
593|01|25|27|29|49|59|
594|10|13|29|47|53|55|
595|01|02|25|43|50|54|
596|11|14|28|43|54|60|
597|22|27|29|40|42|56|
598|05|16|34|38|50|53|
599|04|06|09|23|45|51|
600|16|18|31|34|39|54|
601|10|19|22|29|30|37|
602|07|13|38|46|55|60|
603|04|08|11|12|29|44|
604|15|25|41|46|49|51|
605|04|24|44|49|52|53|
606|06|23|32|35|41|55|
607|06|11|19|27|41|59|
608|06|13|19|24|30|37|
609|02|06|15|58|59|60|
610|25|30|43|45|47|49|
611|16|21|22|33|48|49|
612|15|18|33|50|53|55|
613|06|13|19|44|54|55|
614|12|16|31|48|57|60|
615|05|08|10|27|31|51|
616|02|12|16|24|26|54|
617|03|05|25|33|36|49|
618|03|08|10|13|24|60|
619|08|12|14|16|19|46|
620|01|03|13|22|29|32|
621|26|29|31|49|50|57|
622|19|27|29|38|50|59|
623|09|23|30|42|49|55|
624|08|23|34|39|43|52|
625|12|24|32|40|42|59|
626|07|08|18|22|39|49|
627|01|13|19|45|56|58|
628|08|16|22|30|56|58|
629|15|16|39|40|47|51|
630|12|16|20|45|53|60|
631|01|20|28|32|44|47|
632|02|19|28|48|51|54|
633|05|11|22|27|46|50|
634|10|13|24|41|42|56|
635|08|20|26|37|42|49|
636|26|28|30|32|34|50|
637|11|18|43|48|52|58|
638|10|11|36|41|42|50|
639|13|35|39|45|51|60|
640|12|19|42|46|59|60|
641|01|09|13|17|33|34|
642|17|36|40|44|51|56|
643|14|24|37|40|42|45|
644|14|27|29|31|34|57|
645|03|24|48|52|53|54|
646|10|13|32|47|49|60|
647|11|12|14|19|54|56|
648|05|23|29|42|45|48|
649|09|24|33|41|48|54|
650|10|24|25|29|53|59|
651|26|28|39|45|48|60|
652|10|18|20|24|56|57|
653|05|09|19|24|31|34|
654|06|10|11|40|41|56|
655|01|26|37|39|43|48|
656|35|36|37|46|51|59|
657|16|20|33|58|59|60|
658|03|06|11|20|36|41|
659|14|29|34|40|51|52|
660|05|11|38|46|53|54|
661|04|27|36|40|42|55|
662|04|18|23|25|56|60|
663|01|27|30|49|51|55|
664|01|12|36|38|55|59|
665|07|08|18|25|47|48|
666|07|16|26|29|45|55|
667|01|04|05|16|23|49|
668|01|02|14|33|49|56|
669|07|24|27|40|41|49|
670|22|37|42|48|58|59|
671|09|16|27|38|39|51|
672|24|28|34|38|43|53|
673|06|11|20|34|37|40|
674|18|22|29|32|38|42|
675|24|25|30|42|43|50|
676|09|15|32|41|42|49|
677|08|10|25|32|48|55|
678|14|31|40|42|44|46|
679|03|21|25|37|54|58|
680|02|03|05|22|26|44|
681|21|25|38|53|58|59|
682|04|27|36|37|47|60|
683|02|11|12|35|40|43|
684|17|19|33|37|40|50|
685|05|12|27|33|43|56|
686|04|05|15|26|33|54|
687|01|07|14|41|48|59|
688|11|21|30|35|47|52|
689|06|07|31|49|51|60|
690|08|12|15|41|47|53|
691|08|16|37|50|55|58|
692|11|18|33|57|58|60|
693|13|14|17|31|41|50|
694|15|19|29|37|41|53|
695|06|11|13|21|40|52|
696|09|16|34|37|53|57|
697|28|31|32|35|51|53|
698|08|12|22|27|43|55|
699|17|23|48|50|53|54|
700|02|03|14|24|31|40|
701|01|13|23|31|48|60|
702|01|18|45|56|57|58|
703|02|11|24|27|30|45|
704|02|04|18|27|34|50|
705|03|11|13|15|26|43|
706|02|07|10|17|22|60|
707|01|08|10|36|43|51|
708|07|09|13|39|45|47|
709|04|06|09|22|29|44|
710|05|25|34|39|46|49|
711|05|10|33|40|41|59|
712|07|08|35|43|53|58|
713|01|12|16|26|46|54|
714|07|08|17|35|39|53|
715|04|12|24|33|36|54|
716|02|07|16|29|32|50|
717|06|17|23|28|35|41|
718|07|21|33|35|39|58|
719|03|32|37|39|47|53|
720|12|31|44|51|54|56|
721|03|14|23|25|36|55|
722|09|18|36|44|57|60|
723|01|06|16|36|50|52|
724|17|27|34|48|51|55|
725|03|09|35|37|41|49|
726|01|05|07|37|40|47|
727|04|12|14|30|42|59|
728|08|13|24|32|42|44|
729|05|18|33|43|56|57|
730|02|15|16|45|50|54|
731|06|15|16|23|28|35|
732|06|17|19|49|50|53|
733|02|12|26|31|43|46|
734|27|29|43|44|45|54|
735|09|15|38|40|42|52|
736|01|21|38|41|49|56|
737|11|12|24|32|33|38|
738|14|15|26|30|42|54|
739|06|10|35|45|49|56|
740|12|16|28|29|47|50|
741|24|26|27|36|39|59|
742|02|07|17|34|41|50|
743|20|23|25|32|54|60|
744|04|12|23|26|39|46|
745|02|16|21|37|43|57|
746|01|10|12|25|49|57|
747|02|03|12|21|23|56|
748|01|02|07|19|35|51|
749|04|24|47|48|50|57|
750|10|17|33|42|54|58|
751|04|07|20|25|38|50|
752|04|23|24|25|29|42|
753|02|07|22|35|43|59|
754|03|04|13|34|42|50|
755|04|12|30|47|49|59|
756|05|27|37|38|41|50|
757|12|17|18|30|32|58|
758|01|23|36|43|47|59|
759|30|31|39|45|48|59|
760|12|17|44|45|46|60|
761|13|17|27|29|40|56|
762|09|12|21|37|39|54|
763|01|09|26|40|47|48|
764|03|07|45|47|53|55|
765|03|10|16|30|37|50|
766|01|19|24|42|50|58|
767|15|22|32|38|50|54|
768|04|08|30|33|37|59|
769|12|16|20|21|29|50|
770|04|12|25|34|35|48|
771|14|21|29|34|46|47|
772|10|35|38|51|52|60|
773|03|05|14|29|34|51|
774|05|10|37|46|54|58|
775|12|27|42|46|47|50|
776|03|15|35|41|57|60|
777|02|14|23|28|50|56|
778|20|31|36|37|45|51|
779|25|26|29|36|52|54|
780|07|10|28|50|51|59|
781|08|10|13|39|54|56|
782|02|11|23|35|42|59|
783|04|08|21|32|43|48|
784|08|27|37|42|53|56|
785|05|08|17|35|37|48|
786|10|11|26|27|31|41|
787|20|31|34|37|54|60|
788|17|19|29|31|44|57|
789|06|31|38|39|50|60|
790|02|06|19|22|28|43|
791|09|14|19|35|42|58|
792|09|29|34|43|45|56|
793|03|15|16|33|51|57|
794|03|38|42|47|55|56|
795|14|21|26|29|36|48|
796|05|19|24|34|39|43|
797|06|12|47|48|52|58|
798|03|04|09|29|32|52|
799|19|29|35|42|55|57|
800|01|07|11|37|38|56|
801|11|19|20|22|42|48|
802|06|14|18|24|48|60|
803|03|05|10|21|28|57|
804|03|13|37|47|56|59|
805|02|30|36|43|48|60|
806|18|26|35|41|47|60|
807|02|08|27|32|49|56|
808|02|15|21|31|46|57|
809|05|11|15|23|25|30|
810|01|04|05|33|37|48|
811|10|28|32|41|47|57|
812|11|13|38|39|54|57|
813|09|15|23|45|46|56|
814|02|08|11|41|46|50|
815|09|19|37|39|50|57|
816|20|21|30|40|47|52|
817|10|29|30|34|43|52|
818|08|09|22|25|41|44|
819|05|19|25|46|51|58|
820|10|17|21|32|45|46|
821|04|29|33|36|38|42|
822|04|10|17|27|41|52|
823|01|15|26|51|54|59|
824|06|07|09|20|33|48|
825|10|21|28|40|41|47|
826|06|07|08|27|45|53|
827|18|24|30|42|51|56|
828|23|28|38|42|50|53|
829|10|14|32|47|50|56|
830|02|13|41|49|51|53|
831|03|32|33|42|48|50|
832|15|17|23|33|39|49|
833|13|16|46|53|57|58|
834|10|16|17|34|44|51|
835|18|31|33|49|57|58|
836|17|22|28|38|52|59|
837|05|06|16|24|34|60|
838|09|23|30|38|44|47|
839|07|08|11|18|37|43|
840|17|29|31|35|43|59|
841|07|22|32|36|38|51|
842|07|09|30|44|51|60|
843|01|16|34|36|45|48|
844|16|24|34|44|54|57|
845|14|19|20|40|48|52|
846|02|03|44|47|50|54|
847|14|15|27|42|44|48|
848|17|27|32|34|47|56|
849|08|09|39|44|49|58|
850|07|22|25|44|59|60|
851|03|16|19|32|35|58|
852|06|14|23|34|38|44|
853|30|38|46|51|56|59|
854|03|17|24|25|27|44|
855|03|24|31|42|43|53|
856|11|15|40|41|42|47|
857|02|03|17|49|50|59|
858|04|18|23|31|37|54|
859|09|12|34|46|47|57|
860|02|08|17|22|42|44|
861|39|40|42|47|59|60|
862|02|08|11|12|19|35|
863|15|24|32|50|53|57|
864|08|11|31|33|42|57|
865|23|26|27|41|51|53|
866|05|27|36|40|46|48|
867|10|19|26|28|44|54|
868|21|22|25|40|51|57|
869|27|29|42|49|50|51|
870|08|21|34|40|43|52|
871|01|05|10|17|47|58|
872|05|18|31|43|55|58|
873|04|19|30|34|57|59|
874|10|20|42|44|52|59|
875|18|20|24|36|53|58|
876|04|08|12|41|45|60|
877|13|15|20|28|31|36|
878|11|12|37|38|43|54|
879|10|28|29|35|42|46|
880|25|30|37|46|49|51|
881|04|18|24|43|51|56|
882|17|41|42|44|45|60|
883|21|32|37|52|53|60|
884|02|11|12|14|22|39|
885|04|13|31|33|47|51|
886|17|33|37|50|55|59|
887|01|12|21|32|34|44|
888|24|40|50|52|54|60|
889|20|24|34|39|54|60|
890|07|09|17|21|22|54|
891|15|16|19|22|34|35|
892|01|19|42|44|49|52|
893|03|18|26|51|53|56|
894|20|24|28|37|41|44|
895|02|41|43|55|57|58|
896|05|11|22|31|35|41|
897|07|21|22|43|46|57|
898|03|04|08|30|45|54|
899|18|20|36|53|54|58|
900|04|18|21|34|38|59|
901|13|16|32|33|34|56|
902|18|23|50|52|55|58|
903|05|17|20|32|41|55|
904|32|44|48|51|53|59|
905|02|04|15|16|55|57|
906|07|14|24|29|35|39|
907|09|36|37|41|51|53|
908|01|09|19|25|50|52|
909|17|22|26|28|38|42|
910|03|15|27|29|36|53|
911|01|06|28|29|46|49|
912|04|19|21|26|29|54|
913|14|30|36|38|46|59|
914|09|12|23|33|45|51|
915|17|20|26|28|48|49|
916|05|28|33|36|37|38|
917|23|25|30|46|47|59|
918|04|08|12|38|44|52|
919|03|25|31|41|43|60|
920|05|17|24|52|55|57|
921|01|09|35|41|48|57|
922|12|13|19|41|45|49|
923|02|15|39|50|53|57|
924|02|20|21|27|51|60|
925|08|22|36|37|46|52|
926|21|33|34|40|41|59|
927|19|23|26|31|33|36|
928|04|10|32|33|49|60|
929|16|27|35|39|49|57|
930|20|28|37|46|49|55|
931|07|17|19|34|36|39|
932|02|17|21|36|42|53|
933|08|14|25|39|45|51|
934|01|03|21|25|44|48|
935|07|13|18|29|31|45|
936|05|14|22|29|33|44|
937|02|21|22|30|41|52|
938|15|27|35|50|57|59|
939|06|19|23|37|49|50|
940|05|25|31|33|37|51|
941|10|11|15|27|53|60|
942|05|08|18|42|52|59|
943|03|12|23|41|47|58|
944|16|37|43|52|58|59|
945|04|08|27|44|54|59|
946|01|05|12|47|52|59|
947|03|05|11|14|33|58|
948|22|41|44|46|52|54|
949|01|23|41|44|51|52|
950|23|41|42|48|49|59|
951|14|24|34|39|49|55|
952|02|11|18|27|30|54|
953|01|16|39|42|48|55|
954|05|08|18|24|33|57|
955|05|12|21|32|33|35|
956|46|47|51|54|57|59|
957|24|25|32|34|50|57|
958|07|13|22|33|48|51|
959|03|05|11|33|39|57|
960|06|18|19|33|34|53|
961|02|04|16|21|36|53|
962|02|11|40|48|49|55|
963|15|17|37|48|50|59|
964|08|13|20|26|33|42|
965|05|30|36|39|57|58|
966|01|04|26|28|41|58|
967|05|13|14|18|30|57|
968|01|04|13|30|51|60|
969|13|25|35|41|50|56|
970|05|21|28|34|54|57|
971|04|11|14|33|44|45|
972|15|18|31|33|34|56|
973|01|08|30|36|47|53|
974|12|16|20|31|38|45|
975|09|30|33|37|40|41|
976|14|23|25|28|38|53|
977|03|05|07|09|17|32|
978|12|16|18|27|42|58|
979|03|15|28|31|39|51|
980|15|17|29|35|36|59|
981|01|08|34|41|53|58|
982|08|12|24|40|43|49|
983|16|22|32|38|40|45|
984|04|10|20|43|46|47|
985|04|16|18|46|56|59|
986|06|15|19|24|31|32|
987|13|27|31|34|47|58|
988|08|17|46|48|56|60|
989|02|21|27|29|32|38|
990|02|10|15|18|29|39|
991|08|09|15|38|41|60|
992|01|04|06|08|25|28|
993|05|24|25|26|42|60|
994|03|20|29|40|44|58|
995|04|16|31|36|54|55|
996|07|15|20|21|23|29|
997|09|17|18|32|53|55|
998|03|04|21|22|28|32|
999|18|24|36|44|55|58|
1000|29|38|39|49|53|58|
1001|12|15|27|37|51|60|
1002|03|07|25|31|40|58|
1003|05|10|16|23|26|27|
1004|29|40|43|44|45|47|
1005|04|06|12|37|41|42|
1006|02|04|17|33|48|55|
1007|04|27|36|37|49|52|
1008|07|13|15|34|42|48|
1009|01|06|12|29|34|58|
1010|02|03|13|37|46|54|
1011|02|11|21|30|35|52|
1012|14|19|40|47|55|58|
1013|07|09|12|19|20|41|
1014|08|09|25|41|57|60|
1015|03|08|17|26|28|49|
1016|05|09|11|20|25|60|
1017|06|19|31|34|51|56|
1018|09|24|44|51|55|58|
1019|04|13|23|29|46|47|
1020|01|02|19|32|39|52|
1021|02|33|42|43|51|55|
1022|05|21|31|39|40|56|
1023|02|07|08|18|40|45|
1024|18|22|28|29|39|53|
1025|10|27|28|29|40|52|
1026|06|10|17|33|51|53|
1027|18|20|33|44|47|60|
1028|20|26|34|51|52|54|
1029|05|16|17|20|24|32|
1030|01|08|23|37|54|57|
1031|24|33|40|43|46|49|
1032|15|16|26|29|43|57|
1033|05|06|17|33|39|54|
1034|01|03|18|20|42|49|
1035|01|11|26|51|59|60|
1036|10|27|36|39|41|52|
1037|04|36|44|46|53|56|
1038|06|07|28|35|43|51|
1039|02|20|24|27|36|52|
1040|01|06|28|39|44|55|
1041|10|12|36|44|54|57|
1042|13|18|25|30|46|51|
1043|14|21|25|48|51|60|
1044|10|11|13|35|39|58|
1045|01|05|06|17|31|50|
1046|28|40|42|54|55|57|
1047|01|02|08|10|14|48|
1048|03|16|21|28|38|57|
1049|02|05|17|29|34|52|
1050|14|24|26|33|45|60|
1051|07|10|11|13|43|57|
1052|08|11|15|16|52|57|
1053|15|27|34|42|49|53|
1054|13|14|18|27|41|60|
1055|12|15|16|20|27|32|
1056|06|08|38|50|53|59|
1057|02|03|04|15|49|59|
1058|18|20|24|45|51|57|
1059|01|12|14|16|37|45|
1060|01|03|16|18|41|42|
1061|09|21|23|30|41|56|
1062|02|08|23|33|37|55|
1063|01|22|44|47|49|50|
1064|04|16|19|28|29|49|
1065|07|19|30|39|43|57|
1066|06|10|25|32|43|49|
1067|04|10|14|25|28|56|
1068|25|27|44|47|48|57|
1069|09|17|28|45|49|53|
1070|05|08|16|23|41|53|
1071|05|07|37|43|53|54|
1072|09|18|19|43|47|54|
1073|08|25|32|34|36|44|
1074|03|10|23|29|47|50|
1075|10|12|16|21|39|53|
1076|04|10|19|32|33|42|
1077|05|06|09|11|18|37|
1078|03|06|34|41|43|45|
1079|05|12|24|28|36|37|
1080|11|18|20|34|41|56|
1081|09|16|24|29|52|56|
1082|04|17|38|40|50|55|
1083|10|20|23|28|42|43|
1084|05|20|29|33|40|59|
1085|12|21|39|40|50|55|
1086|02|04|06|10|23|45|
1087|03|20|28|32|36|46|
1088|06|24|31|35|42|57|
1089|02|18|20|32|37|48|
1090|09|20|24|36|40|42|
1091|17|23|24|27|49|56|
1092|01|09|30|33|34|40|
1093|19|23|27|38|41|49|
1094|09|10|21|36|41|48|
1095|10|16|21|23|27|36|
1096|03|13|14|16|41|52|
1097|01|17|21|33|48|56|
1098|11|20|21|30|50|52|
1099|14|31|35|38|44|55|
1100|07|17|18|33|41|42|
1101|06|07|10|12|24|57|
1102|09|11|23|35|46|51|
1103|10|19|28|41|55|56|
1104|02|03|06|35|49|58|
1105|01|15|28|43|50|57|
1106|04|15|43|47|50|60|
1107|03|09|20|36|53|54|
1108|07|09|39|43|44|60|
1109|06|08|11|14|29|52|
1110|06|14|26|28|42|45|
1111|04|09|25|32|33|43|
1112|04|32|34|43|52|58|
1113|03|06|29|36|47|59|
1114|03|15|16|22|25|54|
1115|18|30|37|41|44|50|
1116|04|09|13|17|20|47|
1117|01|06|17|27|35|40|
1118|08|20|21|43|44|55|
1119|10|34|41|44|45|54|
1120|07|35|40|44|50|55|
1121|04|17|18|54|56|59|
1122|26|44|46|49|55|56|
1123|04|14|19|39|45|60|
1124|07|11|16|18|33|49|
1125|03|07|29|33|42|56|
1126|04|31|42|52|57|59|
1127|05|08|14|24|29|30|
1128|08|16|24|39|52|60|
1129|12|17|19|32|47|55|
1130|05|18|23|32|49|54|
1131|01|08|16|34|36|49|
1132|12|27|30|33|52|55|
1133|05|10|16|21|39|58|
1134|09|22|29|36|51|56|
1135|04|05|06|19|23|39|
1136|07|31|32|34|37|43|
1137|19|21|25|28|43|50|
1138|02|04|15|18|25|36|
1139|09|28|31|36|37|42|
1140|10|27|40|46|49|58|
1141|09|37|40|50|58|60|
1142|03|15|26|28|31|58|
1143|03|30|35|44|47|60|
1144|01|10|18|19|44|49|
1145|03|16|19|24|33|60|
1146|06|10|28|33|34|53|
1147|06|23|31|33|39|52|
1148|27|28|29|32|48|55|
1149|07|08|23|36|46|54|
1150|15|17|28|31|35|52|
1151|01|04|14|21|25|51|
1152|14|20|29|36|44|47|
1153|06|17|19|34|46|55|
1154|04|12|14|21|26|28|
1155|20|28|40|41|51|58|
1156|09|24|31|44|48|49|
1157|09|29|41|43|46|49|
1158|23|30|31|54|55|60|
1159|05|06|34|46|53|55|
1160|01|03|05|18|40|48|
1161|04|07|42|47|48|51|
1162|18|22|25|30|31|41|
1163|05|17|31|47|51|53|
1164|06|14|17|26|40|49|
1165|20|40|42|52|54|60|
1166|22|28|30|31|35|54|
1167|20|28|43|51|52|56|
1168|04|05|20|47|53|56|
1169|01|11|14|23|42|48|
1170|11|13|27|34|46|49|
1171|03|10|13|30|41|57|
1172|06|12|28|43|52|56|
1173|05|07|24|25|36|47|
1174|06|07|39|47|51|52|
1175|02|03|12|16|37|47|
1176|11|14|21|30|33|49|
1177|33|38|47|50|52|55|
1178|01|22|30|45|50|53|
1179|05|22|28|47|59|60|
1180|12|30|34|44|57|60|
1181|18|20|26|31|44|45|
1182|02|04|29|52|56|60|
1183|05|10|12|20|29|37|
1184|04|09|23|27|28|30|
1185|02|10|21|35|43|54|
1186|07|08|12|13|15|41|
1187|08|17|19|40|43|49|
1188|09|20|44|52|59|60|
1189|14|21|27|31|35|50|
1190|10|11|19|37|53|56|
1191|03|11|16|22|25|33|
1192|17|20|49|52|57|59|
1193|02|09|12|14|32|54|
1194|06|13|24|41|50|53|
1195|17|20|26|27|55|57|
1196|03|06|19|20|58|60|
1197|36|37|39|49|54|60|
1198|22|29|36|41|48|58|
1199|16|19|23|28|39|58|
1200|03|10|11|39|54|56|
1201|28|32|36|49|55|60|
1202|08|09|11|48|53|60|
1203|07|09|30|33|38|55|
1204|05|10|25|39|43|52|
1205|04|13|14|26|29|35|
1206|02|06|11|36|37|48|
1207|09|11|22|32|35|56|
1208|01|12|20|26|45|54|
1209|05|14|17|30|35|38|
1210|03|07|09|10|31|34|
1211|03|15|31|36|48|54|
1212|02|23|33|35|40|50|
1213|03|11|26|34|45|53|
1214|05|29|30|36|41|48|
1215|10|25|30|47|50|51|
1216|04|07|13|25|27|58|
1217|05|11|15|28|43|50|
1218|10|23|29|31|33|46|
1219|02|33|34|37|41|53|
1220|05|15|43|48|52|55|
1221|05|14|37|43|46|58|
1222|05|08|19|26|48|57|
1223|15|17|35|42|47|48|
1224|19|21|27|41|53|57|
1225|31|32|34|40|50|55|
1226|10|31|40|50|55|56|
1227|04|28|30|31|35|54|
1228|10|23|36|50|52|60|
1229|12|30|32|40|49|60|
1230|09|12|19|22|35|37|
1231|05|20|23|27|39|49|
1232|08|11|12|15|18|22|
1233|22|29|32|49|54|59|
1234|03|05|19|24|30|35|
1235|10|16|20|26|49|55|
1236|03|08|17|20|38|53|
1237|05|18|21|26|39|59|
1238|13|14|24|39|40|45|
1239|01|15|37|39|48|52|
1240|08|09|12|22|42|49|
1241|10|13|25|26|28|45|
1242|11|34|45|48|51|54|
1243|09|19|23|29|32|57|
1244|02|08|15|25|34|45|
1245|02|10|34|37|43|50|
1246|10|37|40|43|57|59|
1247|03|09|11|24|36|51|
1248|20|33|34|57|58|60|
1249|03|08|36|40|51|53|
1250|01|02|24|40|51|59|
1251|05|27|34|46|48|52|
1252|02|14|35|39|49|51|
1253|02|17|23|43|44|51|
1254|07|09|14|18|29|39|
1255|05|23|38|39|51|54|
1256|26|33|35|38|43|53|
1257|02|15|26|27|30|52|
1258|11|26|47|55|57|59|
1259|04|06|39|46|54|58|
1260|19|23|29|31|41|53|
1261|10|14|22|41|42|53|
1262|05|07|08|09|11|39|
1263|04|18|26|36|41|53|
1264|04|17|36|37|51|56|
1265|13|19|24|46|50|60|
1266|06|10|33|39|42|60|
1267|04|20|30|41|47|58|
1268|03|16|17|44|53|60|
1269|04|05|15|17|27|51|
1270|05|09|24|31|33|42|
1271|01|02|39|48|52|59|
1272|13|26|27|28|35|52|
1273|13|19|26|40|58|60|
1274|13|17|21|39|40|59|
1275|02|14|48|55|58|60|
1276|05|09|11|22|36|40|
1277|12|18|31|50|59|60|
1278|04|16|24|25|30|56|
1279|08|14|29|35|36|40|
1280|06|10|16|20|29|54|
1281|08|11|14|30|36|38|
1282|04|23|39|52|55|56|
1283|08|30|40|44|59|60|
1284|20|21|26|29|31|36|
1285|10|15|28|31|33|38|
1286|02|05|28|33|51|52|
1287|11|12|31|33|42|52|
1288|17|30|32|40|42|56|
1289|01|03|08|13|27|52|
1290|02|03|14|23|34|50|
1291|18|40|47|54|57|58|
1292|09|11|23|30|31|54|
1293|01|13|24|40|44|50|
1294|04|06|29|48|50|51|
1295|02|05|15|20|43|57|
1296|10|14|43|46|49|53|
1297|02|05|11|13|56|59|
1298|14|15|30|53|55|60|
1299|08|22|32|43|53|56|
1300|43|44|46|53|54|59|
1301|03|16|23|25|51|56|
1302|02|10|15|44|56|57|
1303|08|19|46|51|52|54|
1304|07|14|15|20|23|35|
1305|03|05|11|36|44|46|
1306|06|19|22|34|43|45|
1307|07|10|32|43|47|54|
1308|07|08|24|30|33|47|
1309|07|12|25|26|32|39|
1310|08|09|14|32|53|59|
1311|07|09|12|19|45|54|
1312|05|20|22|28|29|30|
1313|01|04|26|39|43|49|
1314|38|42|44|52|58|60|
1315|01|27|29|38|50|52|
1316|08|13|25|34|42|48|
1317|06|13|29|30|35|37|
1318|11|14|16|28|34|46|
1319|04|05|16|18|27|51|
1320|17|24|25|38|41|55|
1321|10|47|51|53|59|60|
1322|10|21|43|47|53|55|
1323|06|15|25|37|48|55|
