1|41|05|04|52|30|33|
2|09|39|37|49|43|41|
3|36|30|10|11|29|47|
4|06|59|42|27|01|05|
5|01|19|46|06|16|02|
6|19|40|07|13|22|47|
7|56|38|21|20|03|05|
8|53|17|38|04|47|37|
9|55|43|56|54|08|60|
10|25|04|18|57|21|38|
11|25|15|58|37|59|38|
12|20|27|43|16|19|04|
13|47|32|50|54|18|56|
14|16|02|27|47|23|53|
15|60|12|33|52|35|51|
16|60|58|49|32|20|34|
17|10|20|06|19|51|13|
18|37|36|56|27|42|23|
19|05|25|12|10|60|24|
20|25|28|30|33|51|11|
21|49|46|06|53|33|36|
22|09|38|56|01|31|46|
23|17|52|51|59|39|37|
24|01|08|14|28|33|43|
25|56|50|55|54|24|43|
26|50|53|57|10|58|22|
27|44|33|13|51|17|20|
28|60|06|22|03|24|54|
29|14|56|58|08|43|03|
30|38|50|07|29|15|14|
31|56|19|28|48|17|45|
32|43|33|14|36|05|44|
33|05|33|49|17|42|39|
34|15|13|57|53|40|17|
35|21|57|16|23|54|04|
36|13|03|51|17|29|25|
37|22|06|07|52|38|60|
38|55|42|10|43|45|54|
39|16|37|45|52|56|12|
40|03|12|46|05|47|08|
41|38|26|35|39|12|47|
42|24|36|19|33|07|11|
43|02|58|25|06|26|17|
44|47|38|18|14|29|44|
45|30|07|37|55|44|53|
46|32|46|01|60|24|23|
47|35|17|03|48|25|56|
48|47|05|34|28|02|50|
49|33|07|43|35|13|55|
50|57|44|21|16|58|06|
51|23|24|42|25|17|47|
52|58|15|59|30|38|46|
53|42|13|03|46|38|16|
54|05|21|09|56|18|36|
55|29|02|14|38|23|52|
56|51|35|59|07|20|02|
57|27|17|16|34|07|59|
58|30|49|27|37|12|44|
59|28|13|34|02|08|54|
60|38|14|21|15|03|20|
61|59|08|18|29|42|44|
62|52|13|06|24|08|31|
63|26|09|41|49|25|40|
64|08|54|50|60|23|12|
65|20|01|05|32|25|34|
66|15|26|12|33|48|13|
67|47|14|27|52|17|12|
68|53|13|03|01|12|59|
69|56|58|34|53|25|45|
70|40|17|23|43|27|58|
71|53|16|45|43|33|27|
72|19|48|43|01|34|44|
73|57|25|45|28|51|26|
74|02|24|34|50|38|37|
75|36|49|37|35|24|21|
76|33|18|23|08|17|53|
77|29|54|40|57|49|21|
78|22|32|46|12|25|31|
79|43|25|02|13|31|17|
80|51|40|37|23|48|28|
81|47|41|10|60|54|23|
82|51|36|53|29|18|15|
83|24|16|04|42|57|15|
84|10|34|04|06|25|40|
85|47|15|30|37|45|06|
86|54|21|06|34|36|22|
87|40|04|28|32|11|05|
88|45|37|29|04|43|18|
89|59|42|34|13|44|55|
90|21|26|40|54|09|52|
91|60|04|10|35|39|02|
92|05|23|51|03|01|24|
93|22|53|31|28|02|36|
94|28|51|55|18|52|08|
95|46|60|06|40|50|45|
96|04|42|58|26|07|40|
97|56|53|11|14|05|35|
98|43|33|14|31|35|13|
99|30|33|24|11|46|60|
100|46|48|30|14|29|51|
101|39|01|37|31|29|18|
102|44|42|37|56|19|20|
103|09|01|57|07|54|49|
104|13|01|38|21|52|04|
105|03|13|31|43|46|49|
106|24|16|38|05|39|35|
107|02|24|52|04|16|51|
108|60|29|34|24|21|59|
109|54|13|44|49|48|01|
110|57|58|18|31|43|52|
111|52|32|04|33|25|22|
112|37|43|34|20|12|42|
113|34|54|26|28|55|07|
114|47|54|18|06|12|37|
115|06|14|24|20|04|38|
116|36|42|32|05|13|51|
117|53|42|27|20|33|25|
118|22|57|37|09|25|56|
119|47|21|01|50|36|38|
120|46|45|16|40|27|03|
121|53|41|44|02|29|55|
122|20|43|39|11|53|17|
123|13|42|16|32|14|26|
124|52|05|34|57|15|41|
125|56|47|25|59|53|41|
126|32|28|06|10|11|40|
127|59|21|51|54|29|50|
128|23|43|03|21|09|18|
129|46|54|10|09|01|32|
130|13|42|38|49|53|29|
131|30|09|17|27|04|44|
132|44|35|50|41|09|07|
133|19|57|06|39|34|05|
134|60|32|25|36|52|04|
135|35|40|21|59|53|22|
136|17|25|45|38|01|59|
137|26|15|16|22|19|49|
138|41|14|37|05|40|27|
139|26|27|13|42|41|03|
140|55|31|46|44|41|07|
141|10|22|42|13|41|58|
142|20|59|19|54|15|08|
143|40|18|06|20|50|53|
144|08|32|44|36|45|55|
145|43|15|41|51|16|31|
146|51|34|25|60|42|32|
147|24|06|38|23|28|16|
148|32|55|59|41|58|35|
149|11|45|48|07|28|20|
150|50|44|12|55|52|54|
151|03|43|16|56|52|20|
152|12|05|15|51|58|29|
153|47|02|31|42|45|30|
154|08|10|24|33|45|48|
155|12|32|44|43|35|30|
156|52|23|42|17|55|49|
157|17|13|04|44|41|21|
158|58|43|51|14|17|04|
159|16|09|50|58|11|35|
160|13|42|52|58|02|54|
161|25|37|30|39|06|41|
162|23|33|51|38|48|21|
163|41|56|27|36|53|08|
164|04|19|14|10|44|28|
165|39|56|19|23|10|35|
166|60|57|59|13|12|22|
167|01|38|48|28|11|33|
168|45|02|35|09|50|31|
169|52|51|37|13|21|01|
170|07|51|55|41|58|46|
171|54|27|04|43|40|46|
172|49|36|14|26|35|10|
173|29|28|49|17|42|50|
174|11|52|22|23|36|59|
175|10|20|13|01|42|50|
176|28|04|01|45|53|03|
177|35|22|39|41|59|38|
178|05|27|19|26|15|33|
179|06|53|05|26|27|23|
180|39|06|29|60|51|23|
181|33|01|55|35|51|27|
182|46|60|05|10|28|03|
183|16|11|07|40|44|02|
184|09|60|21|16|41|34|
185|59|17|22|46|43|55|
186|24|26|51|25|14|23|
187|06|44|58|41|36|48|
188|34|42|43|46|27|17|
189|41|53|38|04|31|15|
190|32|40|42|21|10|05|
191|58|05|41|03|01|23|
192|01|60|26|41|28|54|
193|12|04|11|49|43|19|
194|32|42|43|25|28|33|
195|17|03|44|37|09|32|
196|32|17|09|14|24|07|
197|19|52|29|15|12|05|
198|40|23|01|18|35|08|
199|52|37|57|16|10|50|
200|12|15|44|34|51|19|
201|55|22|05|30|35|20|
202|49|53|44|12|24|45|
203|11|55|44|19|29|47|
204|31|41|51|39|58|29|
205|26|32|54|43|46|40|
206|20|26|56|18|34|51|
207|19|07|03|55|24|53|
208|23|15|57|24|47|25|
209|13|52|32|41|21|26|
210|37|58|20|38|48|32|
211|10|20|40|45|50|33|
212|29|57|15|45|59|06|
213|03|30|09|35|23|32|
214|30|12|06|50|35|31|
215|07|58|28|53|37|46|
216|35|42|59|18|30|14|
217|27|32|03|51|49|45|
218|54|40|42|17|47|12|
219|26|23|49|28|42|36|
220|36|53|55|13|60|14|
221|54|13|58|43|50|27|
222|05|48|30|55|52|19|
223|28|24|22|02|58|06|
224|20|16|18|07|44|21|
225|21|16|04|37|02|58|
226|02|50|59|38|49|01|
227|37|26|27|42|11|48|
228|16|40|45|59|43|13|
229|39|45|11|21|33|13|
230|56|44|41|40|08|53|
231|16|59|27|42|44|36|
232|29|19|41|22|37|59|
233|45|03|24|36|07|32|
234|15|45|54|25|42|41|
235|29|41|55|02|31|22|
236|10|52|50|57|25|60|
237|36|07|45|31|56|57|
238|15|09|41|13|37|42|
239|33|21|44|46|47|06|
240|59|28|25|41|57|38|
241|11|57|40|35|56|31|
242|22|07|04|21|28|56|
243|20|47|23|32|16|11|
244|19|60|50|24|47|33|
245|44|51|27|53|08|60|
246|02|57|32|43|16|37|
247|34|03|30|10|23|46|
248|56|16|34|41|35|32|
249|21|55|54|40|36|49|
250|55|25|41|42|43|07|
251|34|15|23|55|49|30|
252|17|54|04|51|32|26|
253|12|11|56|44|24|37|
254|04|30|56|21|22|01|
255|32|44|55|19|20|16|
256|21|52|34|26|02|32|
257|28|05|01|34|04|19|
258|12|60|54|07|55|50|
259|20|43|33|13|15|58|
260|43|04|60|59|06|33|
261|05|54|20|56|30|16|
262|53|60|48|20|58|11|
263|08|50|26|09|53|43|
264|05|25|31|13|01|33|
265|07|50|53|16|41|34|
266|38|54|48|23|02|46|
267|58|01|45|55|08|46|
268|21|10|47|06|05|33|
269|19|18|52|25|17|49|
270|45|27|35|40|05|09|
271|14|31|54|29|26|24|
272|36|58|09|10|56|24|
273|47|52|10|27|23|17|
274|11|39|47|18|13|26|
275|16|30|19|38|48|37|
276|53|59|39|45|22|57|
277|40|26|38|04|56|52|
278|22|10|18|55|15|31|
279|31|59|04|58|23|47|
280|05|16|30|25|58|20|
281|11|05|47|31|53|38|
282|33|24|36|09|14|23|
283|48|34|28|54|25|42|
284|08|36|14|32|30|07|
285|50|56|41|12|32|37|
286|44|37|56|29|47|35|
287|60|47|03|33|25|13|
288|50|09|18|11|06|17|
289|36|06|30|20|07|25|
290|57|30|07|25|40|26|
291|22|16|05|41|18|17|
292|24|34|53|45|23|13|
293|06|12|35|05|28|07|
294|28|45|41|22|57|25|
295|24|44|07|31|12|50|
296|20|51|42|03|52|46|
297|20|28|41|01|33|36|
298|22|34|24|23|05|60|
299|07|05|02|53|33|49|
300|27|57|41|38|28|24|
301|58|26|49|57|48|09|
302|25|40|12|60|30|41|
303|07|13|30|37|47|17|
304|42|07|11|34|59|41|
305|11|05|27|60|38|53|
306|30|19|57|41|56|47|
307|26|17|13|41|16|44|
308|55|25|04|11|29|39|
309|39|50|25|55|11|04|
310|28|14|29|02|31|32|
311|32|22|24|41|30|38|
312|14|30|50|41|47|23|
313|14|38|53|24|16|37|
314|05|32|40|58|37|34|
315|50|21|43|12|28|22|
316|28|51|56|06|24|43|
317|27|20|48|16|30|35|
318|19|53|40|03|31|20|
319|12|16|23|17|19|48|
320|20|53|47|50|22|27|
321|11|31|32|48|49|04|
322|18|11|29|44|47|56|
323|31|49|54|33|26|40|
324|22|08|30|15|47|25|
325|04|23|03|01|21|53|
326|52|23|40|51|44|21|
327|46|38|29|33|32|48|
328|51|05|23|07|14|21|
329|24|11|40|12|35|10|
330|02|04|23|37|14|51|
331|27|01|35|20|37|13|
332|28|23|42|29|44|34|
333|35|27|53|44|52|04|
334|41|26|51|14|24|23|
335|43|33|57|23|59|07|
336|02|18|54|22|30|26|
337|31|52|14|54|16|04|
338|48|46|09|01|36|04|
339|13|16|12|05|27|50|
340|10|60|42|09|33|12|
341|56|23|22|43|16|05|
342|29|49|54|51|16|34|
343|04|06|07|24|12|41|
344|33|36|12|35|10|14|
345|56|11|58|46|51|22|
346|56|07|46|60|41|12|
347|26|10|52|01|12|48|
348|39|40|33|52|19|30|
349|09|38|32|08|54|28|
350|23|30|43|10|15|57|
351|15|16|59|60|24|41|
352|49|07|47|25|20|44|
353|60|46|30|55|23|19|
354|40|52|38|16|07|41|
355|02|37|22|60|14|23|
356|54|19|05|58|56|21|
357|45|53|32|02|30|35|
358|40|42|32|12|21|17|
359|31|54|20|29|13|19|
360|47|24|29|55|53|23|
361|41|28|45|31|16|59|
362|37|20|33|46|07|56|
363|39|54|29|49|47|19|
364|59|44|29|05|51|57|
365|52|19|34|37|58|23|
366|06|04|51|07|21|15|
367|52|49|27|33|12|10|
368|13|50|38|32|44|29|
369|21|42|01|60|35|14|
370|51|42|04|54|01|40|
371|23|33|39|04|60|18|
372|24|17|46|57|16|39|
373|31|33|24|10|05|01|
374|54|02|26|05|44|16|
375|51|09|42|05|58|01|
376|25|13|10|43|35|48|
377|46|19|03|45|12|27|
378|55|45|48|41|05|38|
379|41|55|24|59|33|40|
380|47|22|13|30|31|57|
381|09|56|46|28|10|55|
382|54|38|53|31|37|34|
383|48|22|53|56|50|14|
384|28|50|47|24|40|52|
385|22|12|24|18|05|16|
386|39|54|43|36|17|35|
387|29|28|48|47|43|22|
388|52|48|53|58|23|36|
389|46|14|54|18|43|05|
390|07|22|34|12|38|53|
391|07|15|35|16|40|04|
392|49|47|39|31|15|23|
393|12|50|36|06|35|40|
394|15|49|42|05|45|35|
395|11|58|31|14|10|20|
396|47|18|06|45|34|42|
397|32|24|02|05|01|46|
398|28|07|16|37|36|22|
399|59|55|16|27|47|11|
400|29|59|13|10|54|28|
401|50|18|44|53|11|43|
402|27|43|58|05|16|56|
403|46|31|07|16|60|27|
404|24|38|58|01|40|28|
405|57|60|34|24|29|47|
406|47|32|48|12|38|02|
407|49|02|18|51|22|57|
408|49|44|33|28|56|14|
409|26|49|25|18|31|34|
410|31|55|36|24|08|38|
411|10|56|12|31|45|38|
412|45|05|14|21|59|12|
413|35|53|29|33|02|04|
414|35|26|58|52|45|16|
415|38|44|04|01|27|42|
416|13|01|23|56|54|33|
417|25|07|12|21|42|34|
418|45|08|32|49|15|52|
419|41|42|52|53|16|09|
420|43|12|59|30|57|29|
421|38|45|35|37|05|51|
422|60|12|56|37|55|43|
423|08|22|33|40|32|53|
424|29|36|27|18|59|46|
425|06|16|10|34|47|42|
426|07|32|54|50|30|37|
427|51|13|43|24|03|14|
428|60|08|32|28|46|30|
429|55|32|17|36|26|43|
430|50|21|10|25|38|08|
431|58|26|40|37|47|52|
432|50|17|13|27|04|39|
433|36|17|28|16|54|30|
434|24|17|04|54|30|10|
435|37|11|17|31|43|10|
436|01|06|57|29|48|07|
437|54|10|59|44|30|07|
438|38|48|14|03|11|05|
439|42|13|20|29|43|57|
440|46|23|30|47|05|03|
441|02|15|58|10|59|21|
442|15|31|23|06|59|37|
443|11|36|17|26|52|48|
444|48|52|57|24|03|33|
445|31|50|07|53|32|20|
446|11|20|08|47|12|17|
447|24|55|15|33|25|42|
448|05|03|52|45|09|51|
449|34|56|24|01|49|08|
450|59|51|13|01|09|50|
451|23|18|31|17|53|28|
452|54|11|51|16|36|30|
453|58|52|08|34|20|23|
454|04|17|42|56|46|24|
455|50|15|17|02|14|59|
456|17|40|22|27|33|03|
457|48|15|24|27|17|32|
458|43|53|13|32|34|24|
459|43|17|08|15|49|39|
460|19|55|30|23|37|49|
461|30|17|20|29|15|60|
462|27|48|17|19|26|22|
463|07|18|02|45|03|53|
464|06|33|45|38|24|50|
465|46|31|01|57|22|51|
466|28|16|45|29|30|11|
467|38|21|08|22|18|60|
468|23|06|25|39|51|05|
469|29|47|42|21|13|26|
470|51|58|23|11|08|37|
471|51|59|31|05|36|32|
472|12|03|38|29|51|04|
473|51|07|58|49|23|41|
474|34|03|12|50|32|40|
475|19|06|43|52|08|22|
476|38|43|20|55|17|58|
477|47|34|08|06|18|38|
478|30|08|31|03|21|25|
479|20|54|58|26|41|46|
480|36|38|33|14|49|41|
481|42|06|24|44|22|13|
482|13|56|12|33|53|54|
483|16|23|35|18|44|59|
484|53|19|38|18|17|49|
485|38|28|52|30|19|57|
486|50|42|19|08|30|14|
487|25|22|48|52|54|08|
488|30|39|35|43|15|57|
489|28|36|17|53|33|59|
490|05|11|29|54|23|58|
491|22|43|15|55|09|01|
492|57|02|15|06|56|18|
493|54|20|03|18|42|24|
494|28|32|49|53|18|20|
495|36|15|60|08|29|49|
496|41|20|19|29|59|10|
497|09|41|32|13|58|20|
498|49|28|02|06|57|50|
499|59|01|11|05|44|04|
500|35|21|54|29|38|36|
501|34|27|56|28|16|39|
502|50|07|33|21|24|13|
503|10|21|48|27|49|07|
504|39|19|11|08|50|30|
505|47|20|52|03|46|28|
506|31|37|34|15|38|04|
507|44|58|05|27|33|03|
508|46|56|05|15|45|10|
509|32|55|34|35|28|33|
510|30|45|58|01|04|41|
511|08|36|34|37|03|04|
512|08|40|58|04|53|31|
513|46|10|27|19|33|39|
514|15|52|40|36|51|42|
515|39|16|57|15|45|48|
516|24|05|34|13|35|33|
517|51|32|08|28|38|07|
518|44|08|05|15|18|10|
519|09|36|15|19|42|22|
520|32|34|17|35|09|12|
521|28|32|38|25|15|45|
522|49|52|15|25|14|06|
523|45|58|40|39|28|44|
524|47|29|34|48|19|41|
525|26|32|24|49|08|10|
526|03|59|21|36|55|31|
527|17|14|50|52|06|26|
528|34|28|37|12|08|31|
529|56|45|13|33|38|01|
530|32|21|25|01|06|49|
531|03|01|35|07|18|50|
532|13|04|12|53|09|52|
533|27|18|13|59|21|53|
534|48|57|23|08|31|03|
535|49|14|47|56|06|28|
536|14|22|25|15|37|23|
537|37|03|19|34|39|07|
538|45|43|56|25|52|03|
539|16|50|55|06|47|19|
540|22|04|30|44|28|49|
541|58|57|27|13|49|52|
542|49|04|19|28|35|06|
543|35|54|37|42|49|46|
544|11|33|56|47|17|34|
545|43|35|57|29|40|17|
546|46|04|54|17|13|05|
547|04|59|13|53|28|30|
548|51|49|14|47|59|58|
549|13|51|58|22|46|08|
550|17|56|16|38|39|45|
551|56|48|57|21|12|46|
552|22|54|52|47|49|09|
553|43|46|58|53|54|04|
554|47|29|31|15|60|42|
555|49|05|23|33|45|31|
556|08|45|30|33|17|10|
557|18|49|38|23|08|12|
558|59|57|07|58|31|14|
559|53|25|36|13|17|06|
560|32|18|11|30|02|58|
561|39|49|36|20|55|01|
562|37|35|23|16|57|55|
563|34|08|23|44|51|05|
564|38|13|32|20|10|49|
565|31|37|35|07|45|34|
566|17|06|20|18|13|37|
567|57|58|11|38|41|31|
568|25|41|17|29|13|22|
569|32|15|14|09|03|57|
570|35|32|36|33|51|15|
571|14|31|12|13|51|50|
572|33|03|20|60|09|16|
573|59|29|17|06|40|22|
574|32|23|02|10|44|17|
575|18|29|21|48|35|05|
576|18|43|52|39|07|08|
577|31|47|28|23|08|24|
578|48|03|58|18|56|23|
579|15|34|39|17|04|09|
580|38|16|18|28|15|47|
581|30|25|52|14|39|17|
582|13|40|29|59|45|51|
583|55|06|41|20|43|07|
584|30|53|23|07|32|08|
585|24|39|12|33|57|36|
586|45|38|13|11|54|39|
587|30|02|36|18|60|29|
588|45|13|46|55|53|11|
589|13|07|33|59|06|08|
590|25|51|05|18|04|28|
591|58|03|18|50|34|01|
592|55|14|59|47|13|42|
593|27|29|01|59|25|49|
594|10|53|55|29|13|47|
595|54|02|43|01|50|25|
596|43|60|28|11|54|14|
597|42|40|27|22|56|29|
598|05|16|53|38|50|34|
599|06|45|51|09|23|04|
600|18|39|54|34|31|16|
601|37|19|29|30|10|22|
602|38|60|13|07|55|46|
603|04|08|11|29|12|44|
604|41|49|51|25|15|46|
605|44|52|53|04|49|24|
606|41|06|23|55|32|35|
607|06|59|11|27|19|41|
608|30|06|37|19|24|13|
609|15|02|59|60|06|58|
610|25|49|30|43|47|45|
611|22|21|33|16|48|49|
612|55|33|15|50|53|18|
613|54|55|13|44|06|19|
614|60|31|12|48|57|16|
615|27|31|08|10|51|05|
616|24|16|26|54|12|02|
617|25|05|49|36|33|03|
618|60|10|03|08|24|13|
619|16|12|46|14|08|19|
620|22|01|29|13|32|03|
621|29|31|50|26|57|49|
622|59|27|19|29|50|38|
623|42|23|55|30|09|49|
624|39|23|34|52|08|43|
625|59|12|32|42|24|40|
626|49|08|22|18|07|39|
627|19|13|45|58|56|01|
628|08|16|22|56|58|30|
629|40|47|39|16|51|15|
630|16|53|20|60|12|45|
631|01|28|47|20|44|32|
632|02|54|48|51|19|28|
633|27|46|05|50|11|22|
634|13|41|24|42|10|56|
635|49|42|37|08|20|26|
636|30|32|34|50|28|26|
637|52|58|43|48|11|18|
638|42|10|50|41|11|36|
639|51|39|35|60|45|13|
640|12|42|59|46|19|60|
641|17|13|33|09|01|34|
642|51|17|56|36|44|40|
643|14|45|24|37|40|42|
644|57|29|31|27|34|14|
645|52|48|24|53|54|03|
646|13|47|60|32|49|10|
647|56|19|11|14|12|54|
648|05|48|23|42|45|29|
649|09|54|41|48|33|24|
650|53|59|25|29|10|24|
651|39|45|28|26|48|60|
652|24|18|57|56|10|20|
653|31|24|19|34|09|05|
654|10|11|56|40|41|06|
655|26|39|01|37|43|48|
656|59|37|46|36|35|51|
657|20|59|58|33|60|16|
658|41|20|36|03|11|06|
659|14|29|40|34|51|52|
660|53|05|38|54|46|11|
661|42|40|27|04|55|36|
662|04|60|56|25|18|23|
663|01|49|30|55|27|51|
664|12|01|55|59|38|36|
665|08|47|07|48|25|18|
666|07|26|16|29|45|55|
667|05|23|16|04|49|01|
668|49|33|56|02|14|01|
669|07|41|24|40|49|27|
670|42|59|58|37|48|22|
671|27|16|39|51|09|38|
672|43|34|53|38|28|24|
673|06|40|37|11|20|34|
674|22|32|18|29|42|38|
675|50|42|30|25|43|24|
676|49|32|15|09|41|42|
677|25|10|48|08|32|55|
678|44|46|31|14|40|42|
679|37|21|54|03|58|25|
680|44|02|26|05|03|22|
681|59|21|53|25|58|38|
682|60|37|47|36|04|27|
683|43|40|12|11|02|35|
684|50|37|33|40|19|17|
685|33|27|05|56|12|43|
686|33|05|04|54|15|26|
687|59|48|01|07|41|14|
688|47|30|52|11|21|35|
689|06|60|07|31|49|51|
690|15|41|08|47|12|53|
691|55|16|58|08|37|50|
692|33|18|60|11|58|57|
693|14|50|41|17|31|13|
694|15|19|29|53|37|41|
695|13|40|21|52|06|11|
696|37|16|34|57|53|09|
697|53|35|32|31|28|51|
698|22|08|27|43|55|12|
699|53|17|50|23|54|48|
700|02|03|24|40|31|14|
701|13|01|31|23|60|48|
702|01|56|18|58|45|57|
703|30|24|02|45|11|27|
704|02|27|50|34|18|04|
705|03|15|11|13|26|43|
706|22|10|17|07|02|60|
707|51|08|01|43|10|36|
708|45|13|39|47|09|07|
709|29|22|44|09|06|04|
710|46|25|05|49|39|34|
711|10|05|41|59|40|33|
712|35|07|53|58|08|43|
713|46|01|26|16|12|54|
714|17|53|39|08|07|35|
715|54|36|12|04|33|24|
716|29|02|07|50|16|32|
717|28|35|41|17|06|23|
718|07|35|21|39|58|33|
719|39|47|37|53|32|03|
720|12|56|44|51|31|54|
721|14|03|23|55|36|25|
722|60|36|57|18|44|09|
723|16|06|52|01|36|50|
724|34|51|55|17|48|27|
725|49|09|03|35|37|41|
726|40|47|01|05|07|37|
727|14|42|12|04|59|30|
728|44|42|13|08|24|32|
729|33|56|18|57|43|05|
730|45|15|02|54|16|50|
731|35|06|15|23|28|16|
732|49|19|53|50|17|06|
733|12|26|31|43|46|02|
734|44|45|27|29|43|54|
735|40|42|15|52|38|09|
736|01|21|38|41|56|49|
737|33|12|24|38|11|32|
738|15|30|14|42|26|54|
739|06|45|56|49|35|10|
740|29|47|12|50|16|28|
741|26|39|27|24|59|36|
742|34|17|07|41|02|50|
743|54|20|32|60|25|23|
744|26|46|12|23|39|04|
745|21|57|37|16|43|02|
746|49|12|10|57|25|01|
747|21|23|56|12|03|02|
748|01|07|19|51|35|02|
749|24|47|04|57|48|50|
750|58|17|54|10|42|33|
751|04|25|38|50|20|07|
752|25|04|29|42|24|23|
753|59|35|43|22|07|02|
754|04|42|34|50|03|13|
755|59|30|47|12|04|49|
756|37|50|41|05|38|27|
757|17|32|12|18|58|30|
758|47|59|01|23|36|43|
759|59|39|30|31|48|45|
760|12|17|60|44|46|45|
761|56|29|17|13|27|40|
762|39|09|21|12|37|54|
763|40|47|01|48|09|26|
764|07|03|55|47|53|45|
765|03|37|50|16|30|10|
766|01|50|19|42|24|58|
767|22|50|32|38|54|15|
768|33|37|59|30|04|08|
769|20|21|50|29|12|16|
770|04|34|25|35|48|12|
771|29|46|34|47|21|14|
772|38|51|52|60|10|35|
773|03|05|51|29|34|14|
774|37|05|54|58|46|10|
775|27|12|46|47|42|50|
776|57|35|60|41|03|15|
777|14|50|23|02|28|56|
778|45|20|36|37|31|51|
779|36|54|52|25|29|26|
780|10|50|28|51|59|07|
781|10|54|08|39|56|13|
782|11|23|59|42|35|02|
783|43|21|48|08|04|32|
784|42|56|08|37|27|53|
785|35|05|37|08|48|17|
786|27|31|26|11|10|41|
787|37|31|20|60|34|54|
788|31|57|17|19|29|44|
789|60|39|31|38|06|50|
790|22|02|19|28|43|06|
791|42|35|19|09|14|58|
792|43|56|09|45|29|34|
793|03|51|33|15|16|57|
794|56|47|55|38|42|03|
795|14|36|21|29|26|48|
796|19|24|43|34|39|05|
797|58|48|52|47|12|06|
798|32|09|04|52|29|03|
799|29|35|19|57|42|55|
800|01|07|56|11|37|38|
801|20|22|11|19|48|42|
802|14|24|60|06|18|48|
803|10|57|28|03|05|21|
804|13|59|37|56|03|47|
805|30|02|48|60|43|36|
806|60|41|47|26|35|18|
807|08|27|02|32|56|49|
808|15|21|31|46|02|57|
809|25|23|11|05|30|15|
810|04|33|01|48|05|37|
811|32|57|28|41|10|47|
812|57|39|54|11|38|13|
813|23|15|56|46|09|45|
814|11|02|46|50|08|41|
815|57|50|09|39|37|19|
816|21|47|40|52|30|20|
817|34|43|29|30|10|52|
818|44|41|22|08|09|25|
819|51|05|58|46|25|19|
820|17|45|32|21|10|46|
821|04|29|38|36|33|42|
822|04|17|41|10|27|52|
823|15|26|59|01|54|51|
824|33|48|06|07|20|09|
825|28|21|40|10|41|47|
826|45|06|08|07|53|27|
827|24|56|30|51|42|18|
828|23|50|53|42|28|38|
829|32|50|14|47|10|56|
830|53|51|02|41|13|49|
831|03|50|48|42|32|33|
832|17|49|15|33|39|23|
833|53|58|57|16|46|13|
834|44|10|17|16|51|34|
835|58|31|57|49|33|18|
836|28|22|38|17|52|59|
837|16|05|24|34|06|60|
838|09|30|47|38|23|44|
839|11|18|08|07|37|43|
840|43|29|35|59|31|17|
841|36|51|32|22|38|07|
842|51|44|60|09|07|30|
843|34|48|01|16|45|36|
844|54|24|44|57|34|16|
845|40|48|19|20|14|52|
846|47|54|02|50|03|44|
847|42|14|44|27|15|48|
848|56|34|17|32|47|27|
849|08|39|09|58|44|49|
850|60|22|59|25|44|07|
851|16|32|35|58|19|03|
852|14|38|06|23|44|34|
853|51|30|59|46|38|56|
854|17|03|24|27|44|25|
855|42|03|24|53|43|31|
856|11|40|41|47|15|42|
857|17|59|49|02|03|50|
858|31|37|54|23|04|18|
859|46|47|12|57|34|09|
860|22|08|17|42|44|02|
861|42|40|60|59|47|39|
862|19|35|12|02|11|08|
863|32|53|50|57|15|24|
864|31|11|33|42|57|08|
865|27|23|41|51|26|53|
866|36|48|27|40|05|46|
867|54|26|28|19|44|10|
868|57|51|21|22|25|40|
869|29|42|50|51|49|27|
870|52|08|43|34|40|21|
871|17|05|58|01|47|10|
872|18|55|58|43|31|05|
873|57|59|04|34|19|30|
874|59|20|52|42|44|10|
875|53|18|36|58|24|20|
876|04|12|41|45|60|08|
877|13|15|20|31|28|36|
878|37|12|43|38|11|54|
879|29|10|46|35|42|28|
880|51|30|49|25|37|46|
881|43|24|04|51|18|56|
882|42|45|44|60|41|17|
883|21|37|60|32|52|53|
884|22|11|02|14|39|12|
885|13|04|31|33|47|51|
886|50|55|37|33|59|17|
887|44|12|32|21|01|34|
888|50|24|40|54|52|60|
889|34|54|20|39|60|24|
890|09|21|22|07|17|54|
891|15|22|19|35|34|16|
892|01|49|52|42|19|44|
893|56|53|51|26|18|03|
894|37|24|44|28|20|41|
895|02|55|41|43|57|58|
896|31|11|41|35|22|05|
897|21|57|46|22|07|43|
898|04|08|03|54|45|30|
899|58|18|54|36|53|20|
900|04|21|59|18|38|34|
901|32|34|16|13|56|33|
902|52|55|23|50|58|18|
903|17|05|32|55|20|41|
904|32|44|59|53|48|51|
905|04|15|57|55|02|16|
906|35|39|29|24|07|14|
907|09|41|53|37|36|51|
908|19|01|09|25|50|52|
909|42|17|26|38|28|22|
910|53|29|36|03|15|27|
911|49|46|01|29|06|28|
912|26|21|54|04|19|29|
913|30|14|59|36|46|38|
914|33|51|09|23|45|12|
915|20|28|49|26|17|48|
916|33|37|05|38|28|36|
917|23|59|25|47|46|30|
918|38|44|08|04|12|52|
919|43|25|41|60|31|03|
920|17|57|55|24|52|05|
921|35|41|01|57|09|48|
922|41|49|45|19|13|12|
923|53|39|02|50|57|15|
924|51|27|60|21|20|02|
925|52|37|46|08|22|36|
926|40|41|34|33|21|59|
927|36|26|31|23|19|33|
928|32|10|49|60|04|33|
929|16|49|35|39|57|27|
930|46|20|55|37|28|49|
931|17|34|07|36|39|19|
932|02|21|42|53|36|17|
933|25|39|45|51|08|14|
934|25|48|44|03|21|01|
935|07|45|18|13|29|31|
936|05|33|14|29|44|22|
937|22|41|02|30|21|52|
938|35|15|27|57|50|59|
939|06|23|19|50|37|49|
940|25|33|51|31|05|37|
941|11|15|10|27|60|53|
942|05|52|18|08|59|42|
943|47|41|58|03|23|12|
944|16|58|43|37|52|59|
945|44|08|59|54|04|27|
946|59|01|47|05|52|12|
947|33|11|03|58|14|05|
948|22|44|41|46|52|54|
949|44|01|51|52|41|23|
950|48|59|49|41|42|23|
951|49|24|39|34|55|14|
952|54|11|27|18|02|30|
953|55|48|01|39|16|42|
954|08|05|24|18|57|33|
955|35|05|32|21|33|12|
956|46|51|47|59|54|57|
957|50|32|25|34|57|24|
958|13|22|07|33|51|48|
959|57|03|05|11|33|39|
960|34|06|33|18|53|19|
961|16|53|02|04|21|36|
962|02|48|49|40|55|11|
963|37|17|15|50|48|59|
964|42|13|33|20|08|26|
965|36|39|57|58|05|30|
966|01|58|26|28|04|41|
967|18|14|57|30|13|05|
968|30|04|13|60|51|01|
969|56|35|50|13|41|25|
970|57|34|05|54|28|21|
971|04|14|33|44|11|45|
972|33|18|15|56|31|34|
973|53|36|08|30|01|47|
974|45|20|38|31|16|12|
975|33|09|37|40|41|30|
976|28|53|38|23|14|25|
977|17|03|09|32|07|05|
978|42|58|12|18|16|27|
979|28|03|39|51|31|15|
980|35|17|59|15|36|29|
981|08|41|53|01|58|34|
982|12|24|08|40|43|49|
983|38|45|40|16|32|22|
984|46|20|04|43|47|10|
985|04|56|18|59|46|16|
986|32|06|31|24|15|19|
987|47|27|13|31|34|58|
988|48|17|46|56|60|08|
989|38|21|27|02|29|32|
990|29|18|02|15|10|39|
991|08|38|60|41|15|09|
992|06|08|04|01|25|28|
993|26|25|42|60|05|24|
994|44|40|58|29|03|20|
995|04|54|55|36|16|31|
996|21|23|20|07|29|15|
997|18|53|55|32|09|17|
998|28|21|04|32|03|22|
999|44|36|55|58|18|24|
1000|49|58|53|39|38|29|
1001|15|37|27|12|60|51|
1002|03|31|07|25|40|58|
1003|10|27|23|05|16|26|
1004|45|47|29|40|44|43|
1005|06|41|04|37|12|42|
1006|48|17|04|33|55|02|
1007|49|27|04|36|52|37|
1008|07|15|42|48|34|13|
1009|34|12|01|06|58|29|
1010|02|46|03|37|13|54|
1011|30|02|52|21|11|35|
1012|47|19|58|14|40|55|
1013|07|09|20|41|12|19|
1014|60|57|09|25|08|41|
1015|49|08|28|03|26|17|
1016|11|09|25|05|60|20|
1017|31|51|19|06|56|34|
1018|55|51|58|09|44|24|
1019|29|47|04|13|46|23|
1020|19|32|52|01|02|39|
1021|42|55|51|43|02|33|
1022|31|21|40|39|56|05|
1023|45|40|02|07|18|08|
1024|28|53|18|39|22|29|
1025|52|40|29|27|28|10|
1026|10|33|51|53|06|17|
1027|20|18|47|44|60|33|
1028|54|26|34|51|20|52|
1029|17|05|16|24|20|32|
1030|57|08|54|01|23|37|
1031|49|33|24|40|46|43|
1032|57|43|15|29|26|16|
1033|39|06|05|33|54|17|
1034|20|42|01|03|49|18|
1035|51|60|01|11|59|26|
1036|27|39|36|10|41|52|
1037|56|36|04|44|46|53|
1038|51|07|06|28|35|43|
1039|52|02|20|27|36|24|
1040|44|01|28|55|06|39|
1041|12|10|36|54|44|57|
1042|25|46|51|18|13|30|
1043|25|14|51|48|60|21|
1044|58|10|39|11|13|35|
1045|31|06|05|17|50|01|
1046|57|40|28|42|54|55|
1047|01|02|10|48|14|08|
1048|57|03|38|21|28|16|
1049|34|17|52|05|02|29|
1050|60|14|45|24|33|26|
1051|57|11|07|43|10|13|
1052|08|11|16|15|57|52|
1053|15|42|27|53|34|49|
1054|41|27|13|60|14|18|
1055|27|32|15|12|20|16|
1056|38|08|50|53|59|06|
1057|15|49|59|04|03|02|
1058|20|51|57|45|24|18|
1059|37|01|14|45|12|16|
1060|01|41|03|18|16|42|
1061|09|41|56|23|21|30|
1062|55|08|02|37|23|33|
1063|49|01|22|47|44|50|
1064|28|04|19|16|49|29|
1065|07|57|19|43|39|30|
1066|10|43|49|32|25|06|
1067|14|10|56|25|04|28|
1068|44|48|25|57|27|47|
1069|28|17|49|53|45|09|
1070|41|53|08|23|05|16|
1071|05|37|43|07|53|54|
1072|19|18|54|47|43|09|
1073|44|36|32|08|34|25|
1074|03|47|10|50|29|23|
1075|53|39|16|21|10|12|
1076|32|33|10|19|42|04|
1077|11|06|18|05|37|09|
1078|03|06|45|34|41|43|
1079|36|12|37|24|05|28|
1080|56|11|20|41|34|18|
1081|09|56|29|52|16|24|
1082|04|40|50|17|55|38|
1083|20|28|42|23|10|43|
1084|20|05|29|59|40|33|
1085|39|50|21|12|40|55|
1086|45|04|06|23|10|02|
1087|36|46|28|32|03|20|
1088|24|42|35|31|06|57|
1089|37|48|32|02|18|20|
1090|24|09|40|20|36|42|
1091|27|56|17|24|49|23|
1092|40|30|01|09|33|34|
1093|27|49|38|23|41|19|
1094|10|09|48|36|41|21|
1095|27|23|36|10|21|16|
1096|03|41|52|14|13|16|
1097|21|48|33|01|56|17|
1098|30|20|21|11|50|52|
1099|55|44|38|35|14|31|
1100|41|33|17|18|07|42|
1101|07|12|57|06|24|10|
1102|46|23|09|35|11|51|
1103|41|19|10|28|55|56|
1104|03|35|58|49|02|06|
1105|43|01|50|28|57|15|
1106|04|15|50|60|43|47|
1107|36|20|54|09|03|53|
1108|60|44|07|39|43|09|
1109|11|52|14|06|29|08|
1110|26|45|06|28|42|14|
1111|04|43|25|09|33|32|
1112|04|34|52|32|58|43|
1113|47|36|29|59|03|06|
1114|16|03|22|54|25|15|
1115|44|41|18|50|37|30|
1116|17|20|04|47|09|13|
1117|27|35|40|01|06|17|
1118|55|44|08|20|43|21|
1119|44|54|41|45|34|10|
1120|50|55|07|35|44|40|
1121|18|04|59|54|56|17|
1122|49|44|56|26|46|55|
1123|19|04|39|14|45|60|
1124|49|11|07|18|16|33|
1125|07|42|56|29|33|03|
1126|59|31|57|04|52|42|
1127|24|08|14|05|29|30|
1128|60|08|39|52|24|16|
1129|47|19|17|12|32|55|
1130|23|49|32|54|18|05|
1131|49|34|36|01|16|08|
1132|52|30|27|12|55|33|
1133|16|05|58|39|10|21|
1134|29|36|56|22|09|51|
1135|05|04|19|39|06|23|
1136|07|31|32|37|43|34|
1137|21|28|19|25|50|43|
1138|04|25|18|15|36|02|
1139|36|42|37|09|28|31|
1140|49|58|40|46|10|27|
1141|40|09|37|58|50|60|
1142|28|31|15|58|03|26|
1143|35|47|60|44|30|03|
1144|19|10|49|18|01|44|
1145|19|03|60|33|24|16|
1146|10|34|53|33|28|06|
1147|23|39|52|31|06|33|
1148|48|32|29|55|27|28|
1149|46|54|08|36|07|23|
1150|28|17|35|52|31|15|
1151|01|25|04|14|21|51|
1152|47|36|44|29|20|14|
1153|55|46|34|17|19|06|
1154|04|14|21|26|12|28|
1155|28|58|41|40|51|20|
1156|31|49|44|24|09|48|
1157|46|09|43|41|49|29|
1158|23|31|60|55|30|54|
1159|53|46|05|06|34|55|
1160|40|05|03|48|01|18|
1161|48|47|07|04|42|51|
1162|31|25|18|41|22|30|
1163|05|51|31|53|47|17|
1164|17|06|14|40|49|26|
1165|20|52|60|42|54|40|
1166|35|28|54|30|22|31|
1167|43|28|56|20|52|51|
1168|47|20|04|56|53|05|
1169|14|01|11|23|42|48|
1170|46|11|27|34|49|13|
1171|41|03|10|30|57|13|
1172|28|52|06|43|12|56|
1173|07|25|24|36|05|47|
1174|07|52|06|51|47|39|
1175|02|03|12|37|47|16|
1176|21|11|49|14|33|30|
1177|33|52|55|47|38|50|
1178|01|53|22|50|45|30|
1179|59|28|47|60|22|05|
1180|60|12|34|30|44|57|
1181|44|18|45|31|26|20|
1182|52|29|56|60|02|04|
1183|12|05|10|20|29|37|
1184|04|23|27|28|09|30|
1185|54|10|02|43|21|35|
1186|41|12|15|07|13|08|
1187|08|49|43|17|40|19|
1188|60|52|59|09|44|20|
1189|50|21|14|35|31|27|
1190|11|53|56|37|10|19|
1191|25|22|11|16|33|03|
1192|49|17|20|59|57|52|
1193|12|54|02|32|14|09|
1194|24|53|41|06|13|50|
1195|27|17|57|26|55|20|
1196|60|03|20|19|58|06|
1197|39|54|36|37|60|49|
1198|29|22|36|58|41|48|
1199|58|28|23|39|16|19|
1200|10|03|39|54|56|11|
1201|36|32|55|49|60|28|
1202|09|60|11|53|48|08|
1203|55|30|33|09|07|38|
1204|10|25|05|39|52|43|
1205|14|04|26|35|29|13|
1206|02|11|37|36|48|06|
1207|32|35|22|09|56|11|
1208|45|12|01|26|54|20|
1209|30|17|38|14|05|35|
1210|03|07|09|10|31|34|
1211|36|54|03|31|15|48|
1212|35|50|02|23|33|40|
1213|03|53|45|11|34|26|
1214|05|41|29|36|30|48|
1215|47|51|10|50|30|25|
1216|07|25|04|58|13|27|
1217|05|43|28|15|11|50|
1218|33|23|29|46|10|31|
1219|34|37|41|53|02|33|
1220|48|55|52|43|05|15|
1221|46|05|58|37|14|43|
1222|26|19|48|57|05|08|
1223|17|15|48|42|35|47|
1224|41|19|57|53|21|27|
1225|32|55|34|31|50|40|
1226|31|55|56|50|40|10|
1227|35|31|04|30|54|28|
1228|36|10|60|52|50|23|
1229|12|49|60|32|30|40|
1230|37|35|12|22|19|09|
1231|20|27|49|05|23|39|
1232|12|18|15|08|11|22|
1233|49|22|59|29|32|54|
1234|03|05|24|19|30|35|
1235|16|49|55|20|10|26|
1236|17|20|38|08|53|03|
1237|26|21|39|05|18|59|
1238|40|45|24|14|13|39|
1239|15|01|48|37|39|52|
1240|22|42|49|08|12|09|
1241|13|26|25|10|28|45|
1242|54|45|51|11|34|48|
1243|32|19|23|57|09|29|
1244|45|08|34|15|02|25|
1245|34|10|37|50|43|02|
1246|59|10|37|57|40|43|
1247|09|11|24|03|51|36|
1248|20|33|58|34|57|60|
1249|03|40|08|53|51|36|
1250|59|01|02|40|51|24|
1251|48|27|34|52|46|05|
1252|35|02|51|14|49|39|
1253|02|51|17|44|43|23|
1254|09|29|18|07|14|39|
1255|23|05|54|39|38|51|
1256|26|38|33|35|53|43|
1257|27|15|30|52|26|02|
1258|47|26|11|57|59|55|
1259|39|54|58|46|04|06|
1260|19|23|31|53|29|41|
1261|10|41|14|22|53|42|
1262|11|39|09|05|08|07|
1263|41|53|18|04|36|26|
1264|56|17|37|51|04|36|
1265|13|50|46|24|60|19|
1266|39|06|42|10|60|33|
1267|47|58|04|41|20|30|
1268|17|53|60|44|16|03|
1269|51|05|27|04|15|17|
1270|31|33|24|05|42|09|
1271|02|52|39|59|48|01|
1272|28|27|13|35|26|52|
1273|60|26|19|58|13|40|
1274|13|59|21|17|40|39|
1275|58|55|14|02|60|48|
1276|09|40|05|22|36|11|
1277|50|59|18|31|60|12|
1278|04|16|24|56|25|30|
1279|08|29|36|35|14|40|
1280|29|06|54|10|20|16|
1281|36|14|30|38|11|08|
1282|04|39|56|23|52|55|
1283|59|08|60|44|40|30|
1284|26|21|20|36|31|29|
1285|33|10|15|38|31|28|
1286|05|52|02|33|51|28|
1287|33|42|12|31|11|52|
1288|42|32|56|40|30|17|
1289|13|08|27|01|03|52|
1290|14|50|03|23|02|34|
1291|18|57|58|40|47|54|
1292|30|31|23|09|54|11|
1293|24|50|01|44|13|40|
1294|06|50|04|48|29|51|
1295|20|02|43|15|05|57|
1296|49|43|14|10|53|46|
1297|02|56|11|05|59|13|
1298|60|14|53|30|15|55|
1299|56|32|08|22|43|53|
1300|46|43|59|54|44|53|
1301|16|25|03|51|23|56|
1302|44|15|56|02|10|57|
1303|19|51|54|08|52|46|
1304|35|23|15|07|20|14|
1305|44|11|05|46|36|03|
1306|45|06|19|34|43|22|
1307|10|47|54|07|43|32|
1308|24|33|07|30|47|08|
1309|07|12|25|26|32|39|
1310|14|08|53|09|59|32|
1311|54|07|19|12|45|09|
1312|28|30|29|22|20|05|
1313|39|26|49|01|04|43|
1314|42|44|52|58|60|38|
1315|27|29|01|50|52|38|
1316|48|34|25|42|13|08|
1317|35|29|37|13|06|30|
1318|34|46|14|28|11|16|
1319|16|04|18|27|05|51|
1320|38|17|55|41|24|25|
1321|51|59|47|10|60|53|
1322|55|43|21|10|47|53|
1323|25|37|15|06|48|55|
